11.0
11.0
11.0
11.0
11.0
11.0
11.0
11.0
11.0
13.0
11.0
11.0
11.0
11.0
11.0
11.0
11.0
11.0
11.0
11.0
11.0
11.0
11.0
11.0
11.0
11.0
11.0
11.0
11.0
11.0
11.0
11.0
11.0
11.0
11.0
11.0
11.0
11.0
11.0
11.0
11.0
11.0
11.0
11.0
11.0
11.0
11.0
12.0
13.0
11.0
11.0
11.0
11.0
12.0
11.0
11.0
11.0
11.0
11.0
11.0
11.0
11.0
11.0
11.0
11.0
11.0
11.0
13.0
14.0
30.0
8.0
8.0
10.0
8.0
8.0
8.0
44.0
9.0
19.0
9.0
8.0
8.0
13.0
14.0
12.0
9.0
10.0
10.0
9.0
9.0
8.0
44.0
68.0
28.0
39.0
65.0
39.0
51.0
57.0
53.0
45.0
69.0
73.0
127.0
122.0
106.0
234.0
93.0
144.0
196.0
350.0
314.0
500.0
500.0
500.0
356.0
366.0
269.0
286.0
347.0
353.0
247.0
278.0
275.0
267.0
226.0
294.0
253.0
235.0
250.0
241.0
262.0
203.0
215.0
248.0
225.0
200.0
200.0
202.0
180.0
194.0
218.0
227.0
203.0
201.0
173.0
204.0
201.0
199.0
203.0
183.0
172.0
244.0
220.0
238.0
232.0
250.0
305.0
256.0
262.0
295.0
300.0
270.0
316.0
292.0
325.0
332.0
317.0
288.0
500.0
317.0
237.0
242.0
247.0
279.0
286.0
369.0
396.0
500.0
500.0
500.0
500.0
500.0
500.0
500.0
500.0
325.0
356.0
497.0
500.0
297.0
276.0
362.0
453.0
370.0
500.0
496.0
500.0
500.0
500.0
500.0
500.0
500.0
500.0
500.0
500.0
416.0
500.0
500.0
500.0
351.0
500.0
500.0
500.0
500.0
404.0
500.0
500.0
338.0
500.0
500.0
335.0
423.0
438.0
500.0
500.0
500.0
500.0
500.0
500.0
500.0
500.0
500.0
500.0
500.0
500.0
500.0
500.0
500.0
500.0
500.0
166.0
123.0
500.0
500.0
500.0
122.0
326.0
73.0
500.0
337.0
142.0
500.0
132.0
500.0
500.0
88.0
500.0
500.0
500.0
500.0
370.0
500.0
312.0
162.0
323.0
158.0
485.0
137.0
500.0
500.0
87.0
325.0
500.0
407.0
500.0
500.0
406.0
500.0
500.0
500.0
500.0
500.0
500.0
500.0
500.0
316.0
311.0
500.0
500.0
500.0
287.0
500.0
403.0
500.0
500.0
500.0
500.0
500.0
500.0
277.0
500.0
500.0
500.0
500.0
500.0
308.0
500.0
500.0
500.0
235.0
498.0
500.0
500.0
173.0
257.0
381.0
362.0
137.0
356.0
500.0
500.0
311.0
500.0
372.0
500.0
500.0
500.0
489.0
500.0
500.0
500.0
106.0
416.0
500.0
500.0
500.0
500.0
500.0
500.0
500.0
500.0
500.0
500.0
500.0
500.0
500.0
500.0
500.0
500.0
500.0
500.0
500.0
482.0
500.0
500.0
165.0
116.0
26.0
500.0
126.0
500.0
500.0
165.0
500.0
500.0
500.0
500.0
500.0
140.0
500.0
500.0
145.0
177.0
500.0
500.0
500.0
500.0
500.0
500.0
500.0
500.0
500.0
500.0
500.0
246.0
239.0
168.0
323.0
326.0
346.0
177.0
318.0
333.0
390.0
294.0
362.0
356.0
335.0
309.0
250.0
415.0
232.0
456.0
167.0
370.0
319.0
314.0
297.0
172.0
322.0
341.0
427.0
159.0
350.0
172.0
478.0
500.0
407.0
379.0
439.0
374.0
366.0
363.0
500.0
500.0
500.0
495.0
457.0
500.0
500.0
213.0
500.0
500.0
489.0
500.0
269.0
500.0
306.0
260.0
214.0
213.0
218.0
500.0
328.0
188.0
279.0
240.0
360.0
296.0
500.0
500.0
500.0
256.0
211.0
500.0
500.0
492.0
500.0
184.0
500.0
500.0
500.0
500.0
337.0
500.0
500.0
500.0
500.0
500.0
500.0
173.0
13.0
452.0
500.0
352.0
314.0
304.0
277.0
500.0
500.0
373.0
497.0
500.0
500.0
500.0
500.0
440.0
500.0
35.0
140.0
123.0
328.0
378.0
500.0
500.0
500.0
500.0
500.0
500.0
500.0
500.0
500.0
500.0
500.0
500.0
500.0
500.0
500.0
430.0
401.0
421.0
428.0
384.0
353.0
384.0
288.0
322.0
357.0
327.0
316.0
343.0
365.0
343.0
306.0
414.0
169.0
435.0
157.0
161.0
438.0
500.0
500.0
344.0
362.0
426.0
500.0
427.0
500.0
428.0
193.0
384.0
227.0
219.0
302.0
177.0
408.0
175.0
432.0
282.0
169.0
330.0
373.0
158.0
373.0
206.0
262.0
500.0
500.0
500.0
487.0
140.0
307.0
500.0
190.0
386.0
500.0
301.0
436.0
320.0
284.0
277.0
266.0
354.0
257.0
171.0
332.0
399.0
350.0
500.0
500.0
319.0
438.0
429.0
403.0
13.0
13.0
15.0
15.0
13.0
14.0
375.0
178.0
197.0
191.0
231.0
177.0
312.0
219.0
173.0
382.0
239.0
500.0
500.0
500.0
500.0
500.0
500.0
500.0
500.0
500.0
500.0
500.0
500.0
500.0
500.0
500.0
500.0
500.0
500.0
500.0
500.0
500.0
500.0
500.0
500.0
500.0
500.0
500.0
500.0
500.0
500.0
235.0
500.0
308.0
500.0
288.0
449.0
500.0
500.0
500.0
500.0
500.0
500.0
500.0
148.0
155.0
194.0
500.0
500.0
155.0
479.0
500.0
165.0
500.0
500.0
500.0
500.0
228.0
500.0
500.0
191.0
256.0
286.0
500.0
433.0
238.0
207.0
265.0
500.0
412.0
500.0
250.0
196.0
277.0
229.0
297.0
233.0
500.0
268.0
255.0
188.0
238.0
291.0
166.0
268.0
305.0
500.0
220.0
176.0
275.0
241.0
302.0
242.0
248.0
277.0
271.0
207.0
438.0
270.0
177.0
364.0
500.0
218.0
500.0
60.0
303.0
211.0
231.0
450.0
300.0
362.0
500.0
500.0
500.0
500.0
467.0
500.0
500.0
500.0
325.0
500.0
500.0
500.0
175.0
162.0
125.0
133.0
500.0
500.0
500.0
152.0
500.0
150.0
500.0
131.0
284.0
483.0
500.0
500.0
500.0
500.0
500.0
500.0
500.0
500.0
500.0
500.0
500.0
500.0
110.0
500.0
500.0
500.0
500.0
500.0
500.0
265.0
500.0
500.0
500.0
500.0
500.0
356.0
500.0
500.0
500.0
409.0
152.0
143.0
500.0
500.0
372.0
500.0
500.0
500.0
234.0
152.0
171.0
154.0
133.0
500.0
500.0
500.0
500.0
500.0
500.0
424.0
500.0
500.0
500.0
374.0
428.0
500.0
500.0
500.0
500.0
500.0
500.0
500.0
500.0
500.0
160.0
500.0
500.0
500.0
415.0
331.0
465.0
393.0
500.0
500.0
191.0
500.0
500.0
500.0
198.0
246.0
500.0
500.0
500.0
500.0
321.0
500.0
359.0
500.0
500.0
500.0
345.0
500.0
500.0
500.0
500.0
500.0
446.0
500.0
500.0
332.0
500.0
500.0
500.0
372.0
356.0
353.0
394.0
500.0
385.0
159.0
357.0
500.0
423.0
417.0
500.0
500.0
500.0
488.0
256.0
474.0
396.0
321.0
500.0
406.0
435.0
500.0
494.0
484.0
500.0
500.0
500.0
275.0
500.0
500.0
270.0
245.0
383.0
479.0
359.0
391.0
500.0
500.0
498.0
327.0
316.0
346.0
366.0
357.0
500.0
500.0
353.0
305.0
500.0
500.0
500.0
500.0
500.0
500.0
500.0
500.0
500.0
500.0
500.0
500.0
334.0
437.0
381.0
500.0
500.0
500.0
500.0
255.0
429.0
500.0
500.0
500.0
500.0
334.0
474.0
393.0
200.0
13.0
500.0
56.0
453.0
500.0
500.0
500.0
500.0
294.0
252.0
500.0
500.0
500.0
500.0
500.0
500.0
500.0
500.0
500.0
500.0
500.0
500.0
500.0
500.0
500.0
500.0
500.0
500.0
500.0
500.0
162.0
500.0
155.0
161.0
163.0
152.0
158.0
159.0
500.0
178.0
500.0
377.0
500.0
500.0
376.0
324.0
141.0
500.0
500.0
500.0
500.0
500.0
423.0
500.0
248.0
250.0
374.0
258.0
500.0
500.0
179.0
430.0
500.0
500.0
500.0
218.0
245.0
191.0
500.0
500.0
500.0
500.0
500.0
500.0
500.0
500.0
500.0
500.0
478.0
500.0
332.0
500.0
500.0
500.0
500.0
500.0
500.0
500.0
500.0
500.0
500.0
440.0
500.0
500.0
500.0
500.0
340.0
200.0
205.0
58.0
30.0
141.0
147.0
500.0
500.0
500.0
500.0
500.0
500.0
500.0
500.0
500.0
500.0
500.0
428.0
500.0
500.0
492.0
205.0
155.0
485.0
394.0
493.0
210.0
333.0
500.0
12.0
12.0
12.0
11.0
500.0
85.0
260.0
500.0
500.0
500.0
500.0
500.0
306.0
500.0
500.0
500.0
500.0
196.0
204.0
500.0
278.0
269.0
250.0
500.0
279.0
500.0
484.0
228.0
500.0
500.0
500.0
500.0
500.0
500.0
500.0
500.0
500.0
500.0
437.0
500.0
59.0
500.0
500.0
500.0
222.0
500.0
500.0
500.0
500.0
500.0
500.0
500.0
500.0
500.0
500.0
321.0
500.0
372.0
500.0
242.0
500.0
207.0
281.0
233.0
500.0
210.0
500.0
441.0
197.0
228.0
177.0
486.0
218.0
411.0
387.0
500.0
474.0
440.0
175.0
459.0
465.0
500.0
453.0
175.0
500.0
500.0
500.0
500.0
263.0
500.0
500.0
258.0
215.0
500.0
214.0
500.0
500.0
384.0
500.0
373.0
500.0
440.0
486.0
500.0
500.0
400.0
500.0
500.0
500.0
500.0
500.0
466.0
500.0
500.0
500.0
500.0
500.0
400.0
500.0
500.0
500.0
500.0
500.0
91.0
263.0
500.0
500.0
500.0
500.0
500.0
500.0
500.0
500.0
500.0
207.0
500.0
498.0
500.0
500.0
500.0
500.0
500.0
500.0
12.0
12.0
500.0
219.0
160.0
123.0
132.0
77.0
54.0
13.0
51.0
13.0
44.0
13.0
13.0
45.0
45.0
67.0
100.0
15.0
81.0
97.0
140.0
117.0
126.0
129.0
462.0
500.0
500.0
500.0
500.0
500.0
500.0
500.0
500.0
500.0
500.0
500.0
500.0
474.0
331.0
433.0
428.0
450.0
470.0
359.0
358.0
353.0
500.0
500.0
500.0
500.0
500.0
500.0
500.0
312.0
298.0
300.0
500.0
353.0
209.0
213.0
308.0
250.0
15.0
263.0
274.0
500.0
500.0
500.0
500.0
500.0
500.0
500.0
500.0
500.0
500.0
500.0
500.0
500.0
500.0
500.0
139.0
95.0
113.0
120.0
150.0
500.0
500.0
500.0
500.0
500.0
500.0
500.0
500.0
500.0
500.0
130.0
500.0
500.0
217.0
500.0
500.0
500.0
500.0
479.0
500.0
326.0
28.0
28.0
442.0
500.0
500.0
500.0
500.0
500.0
500.0
248.0
500.0
500.0
280.0
500.0
500.0
500.0
231.0
249.0
262.0
255.0
500.0
500.0
500.0
500.0
256.0
500.0
340.0
500.0
500.0
500.0
448.0
367.0
500.0
500.0
500.0
500.0
500.0
500.0
500.0
500.0
500.0
500.0
500.0
500.0
500.0
500.0
500.0
500.0
500.0
500.0
500.0
500.0
500.0
500.0
500.0
500.0
433.0
360.0
500.0
500.0
500.0
413.0
500.0
307.0
500.0
500.0
335.0
500.0
500.0
157.0
500.0
133.0
135.0
146.0
139.0
149.0
184.0
162.0
168.0
318.0
290.0
500.0
195.0
500.0
500.0
500.0
236.0
500.0
455.0
500.0
500.0
427.0
368.0
492.0
222.0
256.0
203.0
213.0
500.0
457.0
323.0
267.0
269.0
216.0
232.0
200.0
213.0
284.0
185.0
220.0
339.0
417.0
296.0
370.0
500.0
500.0
343.0
232.0
144.0
222.0
500.0
188.0
285.0
134.0
185.0
500.0
318.0
183.0
166.0
127.0
351.0
472.0
178.0
348.0
183.0
500.0
500.0
228.0
248.0
500.0
186.0
383.0
500.0
500.0
439.0
500.0
500.0
470.0
156.0
500.0
500.0
500.0
500.0
500.0
500.0
500.0
500.0
424.0
500.0
384.0
393.0
500.0
500.0
275.0
500.0
500.0
370.0
500.0
303.0
133.0
500.0
500.0
500.0
500.0
500.0
315.0
500.0
368.0
500.0
500.0
500.0
500.0
500.0
500.0
435.0
500.0
500.0
500.0
500.0
500.0
466.0
500.0
500.0
500.0
29.0
29.0
29.0
29.0
500.0
191.0
153.0
135.0
150.0
144.0
500.0
500.0
500.0
500.0
482.0
220.0
500.0
500.0
500.0
233.0
110.0
118.0
500.0
343.0
500.0
442.0
111.0
113.0
160.0
115.0
420.0
500.0
500.0
352.0
179.0
280.0
376.0
460.0
500.0
429.0
355.0
500.0
500.0
416.0
500.0
500.0
246.0
248.0
308.0
500.0
411.0
138.0
322.0
303.0
389.0
442.0
399.0
500.0
500.0
449.0
409.0
415.0
355.0
500.0
379.0
500.0
361.0
500.0
500.0
461.0
95.0
229.0
487.0
146.0
138.0
129.0
126.0
119.0
135.0
134.0
489.0
500.0
500.0
500.0
500.0
500.0
500.0
500.0
500.0
387.0
493.0
272.0
270.0
500.0
283.0
214.0
500.0
499.0
500.0
500.0
416.0
495.0
500.0
500.0
500.0
500.0
500.0
231.0
500.0
268.0
435.0
500.0
500.0
350.0
466.0
500.0
239.0
500.0
500.0
500.0
144.0
500.0
500.0
500.0
500.0
500.0
500.0
500.0
500.0
500.0
500.0
500.0
500.0
500.0
500.0
500.0
500.0
500.0
500.0
500.0
500.0
500.0
500.0
500.0
500.0
500.0
237.0
500.0
500.0
500.0
222.0
457.0
289.0
500.0
500.0
429.0
400.0
127.0
151.0
336.0
500.0
500.0
500.0
500.0
500.0
500.0
500.0
500.0
170.0
452.0
500.0
500.0
500.0
500.0
500.0
413.0
500.0
348.0
500.0
500.0
251.0
500.0
105.0
114.0
106.0
141.0
275.0
120.0
406.0
116.0
500.0
447.0
500.0
344.0
342.0
500.0
462.0
500.0
500.0
500.0
432.0
500.0
203.0
274.0
454.0
349.0
197.0
500.0
500.0
500.0
500.0
500.0
500.0
500.0
416.0
500.0
500.0
411.0
500.0
390.0
500.0
411.0
500.0
500.0
500.0
500.0
490.0
500.0
500.0
500.0
500.0
500.0
500.0
378.0
285.0
255.0
500.0
500.0
500.0
357.0
500.0
500.0
500.0
500.0
400.0
272.0
500.0
500.0
500.0
500.0
500.0
500.0
500.0
339.0
500.0
460.0
362.0
500.0
500.0
500.0
500.0
500.0
500.0
500.0
394.0
500.0
500.0
500.0
500.0
435.0
405.0
406.0
179.0
500.0
500.0
500.0
277.0
274.0
449.0
460.0
500.0
181.0
173.0
208.0
102.0
500.0
353.0
500.0
500.0
108.0
144.0
500.0
500.0
500.0
147.0
425.0
500.0
369.0
500.0
434.0
500.0
500.0
500.0
500.0
500.0
408.0
500.0
500.0
500.0
500.0
500.0
500.0
500.0
500.0
500.0
500.0
500.0
500.0
500.0
386.0
500.0
404.0
194.0
500.0
500.0
500.0
103.0
102.0
105.0
142.0
100.0
447.0
500.0
500.0
500.0
500.0
500.0
500.0
500.0
500.0
500.0
389.0
240.0
500.0
500.0
500.0
500.0
500.0
500.0
500.0
317.0
500.0
500.0
144.0
430.0
186.0
500.0
500.0
500.0
257.0
281.0
150.0
415.0
348.0
140.0
319.0
284.0
279.0
263.0
388.0
384.0
284.0
394.0
294.0
280.0
177.0
354.0
345.0
242.0
403.0
500.0
383.0
474.0
328.0
346.0
323.0
474.0
500.0
500.0
500.0
253.0
207.0
335.0
480.0
302.0
271.0
500.0
185.0
500.0
139.0
500.0
500.0
500.0
221.0
282.0
500.0
500.0
203.0
500.0
500.0
500.0
500.0
500.0
500.0
500.0
500.0
500.0
500.0
500.0
500.0
500.0
500.0
500.0
500.0
500.0
500.0
500.0
500.0
500.0
500.0
500.0
500.0
500.0
500.0
500.0
500.0
500.0
500.0
231.0
500.0
500.0
500.0
89.0
88.0
500.0
232.0
107.0
500.0
104.0
500.0
156.0
159.0
150.0
500.0
173.0
168.0
290.0
500.0
500.0
500.0
500.0
500.0
500.0
165.0
250.0
500.0
500.0
500.0
500.0
500.0
171.0
500.0
189.0
500.0
442.0
121.0
500.0
500.0
500.0
466.0
132.0
118.0
125.0
70.0
107.0
123.0
105.0
111.0
83.0
93.0
92.0
72.0
500.0
500.0
374.0
406.0
300.0
182.0
500.0
500.0
237.0
500.0
500.0
500.0
256.0
90.0
370.0
336.0
500.0
232.0
500.0
500.0
500.0
500.0
500.0
500.0
473.0
187.0
500.0
318.0
418.0
500.0
326.0
288.0
266.0
500.0
350.0
500.0
479.0
207.0
237.0
500.0
275.0
205.0
406.0
500.0
234.0
244.0
389.0
125.0
105.0
339.0
500.0
379.0
92.0
94.0
97.0
94.0
100.0
500.0
500.0
387.0
500.0
279.0
500.0
500.0
500.0
500.0
500.0
500.0
500.0
479.0
276.0
175.0
344.0
436.0
373.0
338.0
500.0
340.0
500.0
500.0
366.0
500.0
391.0
500.0
138.0
500.0
337.0
327.0
310.0
500.0
500.0
314.0
461.0
500.0
500.0
500.0
500.0
500.0
448.0
500.0
500.0
500.0
500.0
500.0
500.0
500.0
500.0
500.0
251.0
500.0
382.0
152.0
500.0
20.0
431.0
500.0
318.0
338.0
227.0
500.0
500.0
500.0
500.0
500.0
500.0
500.0
500.0
500.0
500.0
500.0
500.0
350.0
500.0
274.0
500.0
248.0
229.0
234.0
500.0
500.0
500.0
500.0
334.0
500.0
217.0
233.0
315.0
500.0
300.0
500.0
211.0
230.0
238.0
256.0
290.0
330.0
470.0
500.0
500.0
500.0
169.0
500.0
500.0
500.0
416.0
227.0
378.0
383.0
368.0
244.0
500.0
500.0
187.0
500.0
500.0
500.0
500.0
500.0
493.0
216.0
500.0
500.0
488.0
423.0
500.0
500.0
500.0
500.0
457.0
500.0
500.0
500.0
500.0
500.0
265.0
500.0
499.0
456.0
500.0
500.0
500.0
500.0
500.0
500.0
500.0
500.0
500.0
500.0
446.0
500.0
500.0
500.0
500.0
500.0
500.0
500.0
500.0
317.0
500.0
500.0
500.0
500.0
500.0
500.0
219.0
500.0
500.0
500.0
500.0
301.0
500.0
500.0
314.0
500.0
500.0
500.0
500.0
500.0
500.0
500.0
500.0
500.0
500.0
500.0
500.0
500.0
500.0
500.0
500.0
500.0
500.0
500.0
500.0
500.0
299.0
500.0
500.0
474.0
500.0
500.0
500.0
179.0
500.0
171.0
500.0
500.0
234.0
313.0
292.0
500.0
500.0
500.0
500.0
500.0
370.0
500.0
500.0
500.0
500.0
500.0
500.0
500.0
500.0
500.0
500.0
500.0
500.0
500.0
500.0
500.0
380.0
172.0
142.0
112.0
121.0
19.0
19.0
19.0
149.0
389.0
219.0
225.0
165.0
250.0
500.0
500.0
242.0
500.0
500.0
500.0
500.0
500.0
500.0
500.0
500.0
500.0
398.0
277.0
150.0
147.0
500.0
500.0
368.0
500.0
500.0
230.0
500.0
500.0
281.0
171.0
476.0
500.0
500.0
200.0
185.0
500.0
161.0
119.0
133.0
106.0
111.0
112.0
95.0
14.0
17.0
12.0
14.0
12.0
12.0
11.0
9.0
11.0
10.0
9.0
9.0
9.0
9.0
9.0
9.0
9.0
10.0
12.0
63.0
500.0
378.0
147.0
155.0
250.0
500.0
500.0
500.0
500.0
163.0
500.0
208.0
500.0
357.0
377.0
500.0
500.0
500.0
500.0
461.0
500.0
272.0
500.0
500.0
500.0
215.0
493.0
500.0
232.0
500.0
500.0
495.0
287.0
191.0
310.0
193.0
120.0
118.0
116.0
145.0
141.0
415.0
287.0
280.0
500.0
331.0
360.0
245.0
362.0
433.0
320.0
469.0
500.0
500.0
500.0
357.0
500.0
356.0
467.0
500.0
500.0
338.0
500.0
500.0
500.0
326.0
500.0
437.0
111.0
103.0
100.0
110.0
108.0
420.0
25.0
500.0
308.0
452.0
500.0
310.0
336.0
500.0
500.0
500.0
125.0
310.0
119.0
500.0
500.0
500.0
500.0
500.0
500.0
500.0
154.0
500.0
123.0
500.0
500.0
500.0
23.0
25.0
13.0
500.0
500.0
500.0
500.0
500.0
500.0
500.0
500.0
500.0
326.0
105.0
102.0
112.0
150.0
201.0
500.0
327.0
267.0
500.0
500.0
500.0
500.0
500.0
500.0
500.0
500.0
500.0
500.0
500.0
500.0
254.0
408.0
500.0
500.0
500.0
500.0
500.0
500.0
331.0
500.0
287.0
287.0
267.0
269.0
500.0
500.0
449.0
500.0
500.0
425.0
435.0
500.0
