11.0
11.0
11.0
11.0
11.0
11.222222222222221
11.222222222222221
11.222222222222221
11.222222222222221
11.222222222222221
11.222222222222221
11.222222222222221
11.222222222222221
11.222222222222221
11.0
11.0
11.0
11.0
11.0
11.0
11.0
11.0
11.0
11.0
11.0
11.0
11.0
11.0
11.0
11.0
11.0
11.0
11.0
11.0
11.0
11.0
11.0
11.0
11.0
11.0
11.0
11.0
11.0
11.11111111111111
11.333333333333334
11.333333333333334
11.333333333333334
11.333333333333334
11.333333333333334
11.444444444444445
11.444444444444445
11.444444444444445
11.333333333333334
11.11111111111111
11.11111111111111
11.11111111111111
11.11111111111111
11.11111111111111
11.0
11.0
11.0
11.0
11.0
11.222222222222221
11.555555555555555
13.666666666666666
13.333333333333334
13.0
12.88888888888889
12.555555555555555
12.222222222222221
11.88888888888889
15.333333333333334
14.777777777777779
13.555555555555555
13.666666666666666
13.666666666666666
13.444444444444445
14.0
14.666666666666666
15.11111111111111
11.222222222222221
11.333333333333334
10.333333333333334
10.333333333333334
10.444444444444445
10.444444444444445
13.88888888888889
19.88888888888889
21.666666666666668
25.0
31.11111111111111
34.333333333333336
39.0
44.333333333333336
49.333333333333336
49.44444444444444
49.55555555555556
54.55555555555556
64.33333333333333
70.66666666666667
78.11111111111111
98.44444444444444
102.44444444444444
112.55555555555556
129.33333333333334
160.55555555555554
187.33333333333334
228.77777777777777
270.77777777777777
314.55555555555554
328.1111111111111
358.44444444444446
372.3333333333333
382.3333333333333
382.0
386.3333333333333
358.22222222222223
333.55555555555554
308.55555555555554
298.6666666666667
283.1111111111111
285.8888888888889
282.22222222222223
269.77777777777777
258.3333333333333
257.6666666666667
255.88888888888889
247.88888888888889
242.11111111111111
244.55555555555554
236.88888888888889
231.0
227.11111111111111
221.77777777777777
215.0
207.44444444444446
209.11111111111111
210.44444444444446
205.44444444444446
202.77777777777777
199.77777777777777
200.22222222222223
200.11111111111111
202.22222222222223
203.22222222222223
199.33333333333334
193.22222222222223
197.77777777777777
199.88888888888889
207.11111111111111
210.22222222222223
215.66666666666666
227.44444444444446
233.33333333333334
242.11111111111111
255.77777777777777
262.0
267.55555555555554
276.22222222222223
282.8888888888889
291.22222222222223
294.22222222222223
301.0
303.8888888888889
326.6666666666667
328.55555555555554
324.8888888888889
316.6666666666667
311.6666666666667
306.55555555555554
301.44444444444446
307.22222222222223
319.22222222222223
319.22222222222223
339.55555555555554
368.77777777777777
397.44444444444446
425.55555555555554
450.1111111111111
473.8888888888889
488.44444444444446
480.55555555555554
464.55555555555554
464.22222222222223
464.22222222222223
441.6666666666667
416.77777777777777
401.44444444444446
396.22222222222223
381.77777777777777
401.22222222222223
416.77777777777777
417.1111111111111
417.1111111111111
439.6666666666667
464.55555555555554
479.8888888888889
485.1111111111111
499.55555555555554
499.55555555555554
500.0
490.6666666666667
490.6666666666667
490.6666666666667
490.6666666666667
474.1111111111111
474.1111111111111
474.1111111111111
474.1111111111111
474.1111111111111
472.77777777777777
472.77777777777777
472.77777777777777
454.77777777777777
471.3333333333333
471.3333333333333
453.0
444.44444444444446
437.55555555555554
448.22222222222223
448.22222222222223
448.22222222222223
466.22222222222223
466.22222222222223
466.22222222222223
484.55555555555554
493.1111111111111
500.0
500.0
500.0
500.0
500.0
500.0
500.0
500.0
500.0
462.8888888888889
421.0
421.0
421.0
421.0
379.0
359.6666666666667
312.22222222222223
312.22222222222223
331.22222222222223
333.3333333333333
333.3333333333333
292.44444444444446
292.44444444444446
334.44444444444446
308.0
355.44444444444446
355.44444444444446
373.55555555555554
413.3333333333333
398.8888888888889
439.77777777777777
418.8888888888889
381.3333333333333
407.44444444444446
369.44444444444446
367.77777777777777
327.44444444444446
327.44444444444446
341.8888888888889
296.0
297.44444444444446
335.0
344.3333333333333
382.3333333333333
384.0
413.8888888888889
413.8888888888889
413.8888888888889
459.77777777777777
479.22222222222223
479.22222222222223
489.55555555555554
489.55555555555554
489.55555555555554
479.55555555555554
458.55555555555554
458.55555555555554
458.55555555555554
458.55555555555554
434.8888888888889
434.8888888888889
424.1111111111111
424.1111111111111
444.55555555555554
465.55555555555554
465.55555555555554
465.55555555555554
465.55555555555554
464.44444444444446
464.44444444444446
475.22222222222223
475.22222222222223
475.22222222222223
475.22222222222223
453.8888888888889
453.8888888888889
453.8888888888889
478.6666666666667
449.22222222222223
449.0
449.0
449.0
412.6666666666667
407.0
393.77777777777777
378.44444444444446
338.1111111111111
351.55555555555554
351.77777777777777
351.77777777777777
330.77777777777777
367.1111111111111
379.8888888888889
393.1111111111111
408.44444444444446
448.77777777777777
463.55555555555554
463.55555555555554
463.55555555555554
484.55555555555554
440.77777777777777
445.6666666666667
445.6666666666667
445.6666666666667
445.6666666666667
446.8888888888889
446.8888888888889
446.8888888888889
446.8888888888889
490.6666666666667
500.0
500.0
500.0
500.0
500.0
500.0
500.0
500.0
500.0
500.0
500.0
498.0
498.0
498.0
460.77777777777777
418.1111111111111
365.44444444444446
365.44444444444446
323.8888888888889
323.8888888888889
325.8888888888889
288.6666666666667
288.6666666666667
325.8888888888889
368.55555555555554
421.22222222222223
421.22222222222223
422.77777777777777
422.77777777777777
422.77777777777777
420.55555555555554
384.6666666666667
384.6666666666667
384.6666666666667
384.6666666666667
384.6666666666667
424.6666666666667
424.6666666666667
424.6666666666667
464.1111111111111
500.0
500.0
500.0
471.77777777777777
442.77777777777777
405.8888888888889
386.22222222222223
366.8888888888889
349.77777777777777
313.8888888888889
293.6666666666667
275.1111111111111
291.1111111111111
297.22222222222223
318.77777777777777
322.44444444444446
323.44444444444446
319.3333333333333
327.44444444444446
338.22222222222223
327.0
334.3333333333333
320.22222222222223
321.1111111111111
317.0
314.6666666666667
313.3333333333333
304.6666666666667
294.3333333333333
306.44444444444446
303.22222222222223
302.3333333333333
300.1111111111111
283.77777777777777
302.0
324.55555555555554
350.6666666666667
357.0
367.8888888888889
362.0
385.0
386.44444444444446
422.8888888888889
425.3333333333333
425.3333333333333
435.1111111111111
443.77777777777777
450.55555555555554
464.55555555555554
447.55555555555554
462.77777777777777
462.77777777777777
461.55555555555554
461.55555555555554
436.44444444444446
441.22222222222223
419.6666666666667
393.0
393.1111111111111
361.22222222222223
329.8888888888889
331.1111111111111
312.0
303.0
278.44444444444446
271.1111111111111
282.22222222222223
291.3333333333333
323.22222222222223
354.55555555555554
354.55555555555554
346.55555555555554
349.1111111111111
373.6666666666667
402.55555555555554
417.22222222222223
439.8888888888889
404.77777777777777
404.77777777777777
404.77777777777777
431.8888888888889
464.0
445.8888888888889
445.8888888888889
446.77777777777777
446.77777777777777
481.8888888888889
481.8888888888889
481.8888888888889
445.55555555555554
391.44444444444446
404.22222222222223
404.22222222222223
387.77777777777777
367.1111111111111
345.3333333333333
320.55555555555554
320.55555555555554
356.8888888888889
396.8888888888889
401.8888888888889
401.8888888888889
418.3333333333333
439.0
460.77777777777777
478.8888888888889
478.8888888888889
427.22222222222223
401.3333333333333
359.77777777777777
340.6666666666667
327.1111111111111
327.1111111111111
327.1111111111111
333.77777777777777
333.77777777777777
385.44444444444446
425.44444444444446
467.3333333333333
486.44444444444446
500.0
500.0
500.0
500.0
500.0
500.0
500.0
492.22222222222223
481.22222222222223
472.44444444444446
464.44444444444446
451.55555555555554
435.22222222222223
422.3333333333333
398.77777777777777
379.0
370.8888888888889
362.6666666666667
351.0
341.55555555555554
339.44444444444446
338.3333333333333
329.6666666666667
343.6666666666667
326.6666666666667
335.3333333333333
316.44444444444446
299.22222222222223
309.77777777777777
324.77777777777777
342.22222222222223
346.44444444444446
340.6666666666667
369.22222222222223
376.44444444444446
406.44444444444446
444.1111111111111
443.0
408.8888888888889
396.0
383.0
367.1111111111111
353.3333333333333
317.44444444444446
315.3333333333333
279.22222222222223
279.6666666666667
289.55555555555554
265.6666666666667
277.1111111111111
294.22222222222223
278.22222222222223
300.0
277.55555555555554
287.22222222222223
294.77777777777777
319.0
355.77777777777777
373.22222222222223
347.3333333333333
363.8888888888889
378.0
376.22222222222223
390.0
390.0
367.8888888888889
360.77777777777777
342.22222222222223
358.22222222222223
354.8888888888889
328.8888888888889
347.1111111111111
332.77777777777777
296.22222222222223
299.6666666666667
295.55555555555554
298.8888888888889
322.8888888888889
347.6666666666667
353.55555555555554
362.8888888888889
382.0
407.77777777777777
372.3333333333333
329.44444444444446
292.22222222222223
238.33333333333334
184.22222222222223
150.33333333333334
143.33333333333334
115.44444444444444
92.55555555555556
112.33333333333333
136.55555555555554
154.55555555555554
187.55555555555554
210.44444444444446
228.11111111111111
228.88888888888889
235.66666666666666
269.3333333333333
303.6666666666667
333.55555555555554
369.44444444444446
390.3333333333333
421.55555555555554
457.8888888888889
471.0
500.0
500.0
500.0
500.0
500.0
500.0
500.0
500.0
500.0
500.0
500.0
500.0
500.0
500.0
500.0
500.0
500.0
500.0
500.0
500.0
500.0
500.0
470.55555555555554
470.55555555555554
449.22222222222223
449.22222222222223
425.6666666666667
420.0
420.0
420.0
420.0
449.44444444444446
449.44444444444446
470.77777777777777
470.77777777777777
455.22222222222223
422.55555555555554
388.55555555555554
388.55555555555554
388.55555555555554
350.22222222222223
347.8888888888889
347.8888888888889
310.6666666666667
349.77777777777777
388.1111111111111
422.1111111111111
422.1111111111111
391.8888888888889
430.22222222222223
432.55555555555554
398.22222222222223
408.3333333333333
384.55555555555554
384.55555555555554
377.1111111111111
348.0
345.6666666666667
319.55555555555554
319.55555555555554
344.1111111111111
371.22222222222223
367.22222222222223
333.44444444444446
316.1111111111111
315.1111111111111
325.1111111111111
321.55555555555554
321.55555555555554
305.55555555555554
278.3333333333333
271.44444444444446
276.1111111111111
277.6666666666667
270.6666666666667
267.44444444444446
275.44444444444446
275.44444444444446
270.1111111111111
261.3333333333333
271.0
271.3333333333333
272.55555555555554
281.0
278.77777777777777
275.6666666666667
250.22222222222223
248.77777777777777
277.8888888888889
277.3333333333333
270.22222222222223
277.1111111111111
305.77777777777777
302.44444444444446
327.22222222222223
303.77777777777777
314.44444444444446
289.22222222222223
284.8888888888889
315.22222222222223
308.1111111111111
292.77777777777777
324.1111111111111
324.1111111111111
373.0
394.8888888888889
423.3333333333333
453.22222222222223
458.77777777777777
481.0
476.8888888888889
476.8888888888889
476.8888888888889
476.8888888888889
440.77777777777777
406.8888888888889
365.22222222222223
324.44444444444446
324.44444444444446
343.8888888888889
343.8888888888889
305.22222222222223
305.22222222222223
302.44444444444446
340.0
340.6666666666667
357.44444444444446
355.55555555555554
355.55555555555554
355.55555555555554
394.22222222222223
394.22222222222223
433.1111111111111
433.1111111111111
474.1111111111111
498.1111111111111
500.0
500.0
500.0
500.0
456.6666666666667
456.6666666666667
456.6666666666667
456.6666666666667
456.6666666666667
456.6666666666667
456.6666666666667
430.55555555555554
430.55555555555554
473.8888888888889
473.8888888888889
473.8888888888889
473.8888888888889
457.8888888888889
457.8888888888889
457.8888888888889
484.0
473.8888888888889
435.22222222222223
395.55555555555554
395.55555555555554
395.55555555555554
397.3333333333333
397.3333333333333
397.3333333333333
397.3333333333333
377.8888888888889
377.8888888888889
381.0
342.55555555555554
301.77777777777777
316.0
316.0
316.0
316.0
345.55555555555554
384.22222222222223
412.3333333333333
450.77777777777777
491.55555555555554
491.55555555555554
477.55555555555554
469.55555555555554
469.55555555555554
469.55555555555554
469.55555555555554
478.0
478.0
478.0
478.0
492.0
500.0
462.22222222222223
462.22222222222223
462.22222222222223
462.22222222222223
452.77777777777777
434.0
430.1111111111111
418.22222222222223
418.22222222222223
456.0
421.6666666666667
421.6666666666667
421.6666666666667
431.1111111111111
416.3333333333333
392.0
403.8888888888889
403.8888888888889
403.8888888888889
438.22222222222223
418.3333333333333
418.3333333333333
402.6666666666667
436.22222222222223
464.44444444444446
464.44444444444446
447.22222222222223
447.22222222222223
447.22222222222223
467.1111111111111
467.1111111111111
482.77777777777777
476.77777777777777
476.77777777777777
476.77777777777777
475.3333333333333
475.3333333333333
475.3333333333333
475.3333333333333
461.1111111111111
445.1111111111111
434.77777777777777
423.0
423.0
428.8888888888889
391.0
375.1111111111111
375.1111111111111
380.77777777777777
387.55555555555554
403.8888888888889
415.6666666666667
415.6666666666667
427.1111111111111
437.8888888888889
450.8888888888889
439.3333333333333
428.0
437.22222222222223
426.77777777777777
419.55555555555554
419.55555555555554
420.22222222222223
445.55555555555554
448.44444444444446
460.0
479.8888888888889
454.8888888888889
465.3333333333333
472.55555555555554
447.0
419.3333333333333
408.1111111111111
405.77777777777777
390.1111111111111
378.0
403.0
403.0
402.77777777777777
409.1111111111111
417.0
412.8888888888889
400.3333333333333
400.1111111111111
412.22222222222223
412.22222222222223
395.8888888888889
374.44444444444446
393.6666666666667
414.1111111111111
431.22222222222223
446.1111111111111
462.0
462.0
462.0
478.3333333333333
500.0
500.0
500.0
500.0
481.55555555555554
474.55555555555554
461.3333333333333
461.3333333333333
461.3333333333333
461.3333333333333
461.3333333333333
434.1111111111111
426.22222222222223
444.6666666666667
451.6666666666667
464.8888888888889
464.8888888888889
446.44444444444446
443.55555555555554
431.6666666666667
425.55555555555554
379.3333333333333
379.3333333333333
330.0
324.77777777777777
324.77777777777777
343.22222222222223
346.1111111111111
358.0
368.44444444444446
395.0
395.0
444.3333333333333
449.55555555555554
449.55555555555554
449.55555555555554
449.55555555555554
449.55555555555554
472.44444444444446
500.0
500.0
500.0
500.0
500.0
500.0
500.0
500.0
500.0
500.0
500.0
500.0
462.44444444444446
462.44444444444446
424.1111111111111
386.44444444444446
349.0
310.3333333333333
272.3333333333333
234.44444444444446
234.44444444444446
236.22222222222223
236.22222222222223
260.8888888888889
298.55555555555554
336.0
360.8888888888889
379.3333333333333
377.3333333333333
377.3333333333333
413.1111111111111
413.1111111111111
426.77777777777777
426.77777777777777
418.22222222222223
432.0
423.55555555555554
435.6666666666667
421.6666666666667
394.77777777777777
394.77777777777777
394.77777777777777
359.1111111111111
359.8888888888889
359.8888888888889
387.8888888888889
415.6666666666667
398.3333333333333
396.8888888888889
362.55555555555554
362.55555555555554
398.22222222222223
406.0
406.0
406.0
406.0
437.3333333333333
465.6666666666667
500.0
500.0
497.55555555555554
497.55555555555554
478.8888888888889
478.8888888888889
478.8888888888889
478.8888888888889
478.8888888888889
478.8888888888889
478.8888888888889
481.3333333333333
481.3333333333333
500.0
500.0
493.3333333333333
493.3333333333333
493.3333333333333
493.3333333333333
493.3333333333333
475.55555555555554
442.22222222222223
409.44444444444446
360.3333333333333
314.77777777777777
274.8888888888889
235.66666666666666
235.66666666666666
235.66666666666666
253.44444444444446
286.77777777777777
319.55555555555554
368.6666666666667
420.8888888888889
460.77777777777777
500.0
500.0
500.0
492.0
492.0
492.0
491.1111111111111
458.3333333333333
420.0
418.3333333333333
406.55555555555554
405.77777777777777
381.55555555555554
363.0
363.0
309.6666666666667
288.22222222222223
272.3333333333333
219.66666666666666
231.44444444444446
186.11111111111111
191.66666666666666
210.22222222222223
210.22222222222223
264.44444444444446
318.6666666666667
372.8888888888889
405.6666666666667
405.6666666666667
451.77777777777777
478.44444444444446
478.44444444444446
444.6666666666667
411.77777777777777
411.77777777777777
387.1111111111111
383.0
355.22222222222223
355.22222222222223
330.6666666666667
330.6666666666667
362.6666666666667
365.3333333333333
365.3333333333333
390.0
415.6666666666667
443.44444444444446
443.44444444444446
468.0
468.0
469.77777777777777
500.0
500.0
493.0
493.0
444.0
444.0
444.0
444.0
413.1111111111111
413.1111111111111
413.1111111111111
420.1111111111111
420.1111111111111
469.1111111111111
469.1111111111111
469.1111111111111
469.1111111111111
500.0
500.0
480.1111111111111
480.1111111111111
465.8888888888889
465.8888888888889
437.22222222222223
437.22222222222223
404.6666666666667
380.3333333333333
350.6666666666667
370.55555555555554
338.3333333333333
352.55555555555554
346.0
341.0
310.77777777777777
307.44444444444446
330.22222222222223
328.55555555555554
318.6666666666667
338.3333333333333
338.3333333333333
342.0
369.0
363.1111111111111
394.44444444444446
392.1111111111111
423.44444444444446
428.1111111111111
404.55555555555554
404.55555555555554
407.44444444444446
414.1111111111111
450.22222222222223
428.44444444444446
432.3333333333333
432.3333333333333
410.6666666666667
415.1111111111111
415.1111111111111
383.3333333333333
383.3333333333333
383.3333333333333
396.77777777777777
396.77777777777777
382.6666666666667
409.55555555555554
434.55555555555554
433.0
464.77777777777777
464.77777777777777
453.6666666666667
466.55555555555554
466.55555555555554
480.6666666666667
480.6666666666667
487.3333333333333
485.1111111111111
485.1111111111111
485.1111111111111
496.22222222222223
496.22222222222223
496.22222222222223
485.1111111111111
485.1111111111111
485.1111111111111
488.8888888888889
488.8888888888889
488.8888888888889
443.44444444444446
417.1111111111111
417.1111111111111
428.22222222222223
428.22222222222223
428.22222222222223
428.22222222222223
428.22222222222223
428.22222222222223
473.6666666666667
500.0
467.44444444444446
467.44444444444446
467.22222222222223
467.22222222222223
467.22222222222223
467.22222222222223
467.22222222222223
467.22222222222223
467.22222222222223
445.55555555555554
391.3333333333333
391.55555555555554
360.3333333333333
322.55555555555554
280.6666666666667
239.77777777777777
192.77777777777777
143.22222222222223
143.33333333333334
147.66666666666666
93.55555555555556
74.11111111111111
57.77777777777778
45.55555555555556
35.888888888888886
32.333333333333336
33.77777777777778
43.44444444444444
39.44444444444444
47.0
52.888888888888886
67.0
78.55555555555556
87.55555555555556
96.88888888888889
140.77777777777777
185.22222222222223
239.11111111111111
285.6666666666667
330.44444444444446
370.44444444444446
413.0
454.55555555555554
495.77777777777777
500.0
500.0
500.0
500.0
497.1111111111111
478.3333333333333
470.8888888888889
462.8888888888889
457.3333333333333
454.0
438.3333333333333
422.55555555555554
406.22222222222223
409.1111111111111
427.8888888888889
435.3333333333333
443.3333333333333
448.8888888888889
452.22222222222223
467.8888888888889
462.77777777777777
456.6666666666667
434.44444444444446
434.44444444444446
418.1111111111111
385.77777777777777
353.8888888888889
332.55555555555554
304.77777777777777
271.77777777777777
267.8888888888889
265.0
265.0
281.3333333333333
313.6666666666667
345.55555555555554
366.8888888888889
394.6666666666667
448.55555555555554
474.8888888888889
500.0
500.0
500.0
500.0
500.0
500.0
500.0
459.8888888888889
414.8888888888889
371.8888888888889
329.6666666666667
290.77777777777777
290.77777777777777
290.77777777777777
290.77777777777777
290.77777777777777
330.8888888888889
375.8888888888889
418.8888888888889
461.1111111111111
500.0
500.0
458.8888888888889
458.8888888888889
458.8888888888889
427.44444444444446
427.44444444444446
427.44444444444446
427.44444444444446
427.44444444444446
425.1111111111111
466.22222222222223
446.8888888888889
394.44444444444446
373.44444444444446
367.0
367.0
367.0
367.0
369.3333333333333
369.3333333333333
388.6666666666667
413.1111111111111
465.55555555555554
472.0
447.55555555555554
447.55555555555554
447.55555555555554
447.55555555555554
417.6666666666667
389.77777777777777
391.3333333333333
364.1111111111111
364.1111111111111
388.55555555555554
388.55555555555554
388.55555555555554
361.44444444444446
391.3333333333333
401.44444444444446
427.8888888888889
455.1111111111111
455.1111111111111
449.3333333333333
434.55555555555554
434.55555555555554
461.6666666666667
461.6666666666667
479.44444444444446
479.44444444444446
479.44444444444446
479.44444444444446
485.22222222222223
500.0
500.0
500.0
500.0
500.0
500.0
500.0
500.0
500.0
500.0
500.0
500.0
500.0
500.0
500.0
500.0
492.55555555555554
477.0
477.0
477.0
477.0
467.3333333333333
467.3333333333333
445.8888888888889
445.8888888888889
453.3333333333333
450.55555555555554
450.55555555555554
450.55555555555554
412.44444444444446
422.1111111111111
381.3333333333333
362.22222222222223
322.8888888888889
282.77777777777777
262.1111111111111
227.0
189.44444444444446
190.66666666666666
170.44444444444446
187.88888888888889
228.44444444444446
233.88888888888889
274.0
313.0
348.1111111111111
356.3333333333333
393.22222222222223
408.44444444444446
431.77777777777777
431.77777777777777
457.55555555555554
442.8888888888889
442.0
411.1111111111111
413.3333333333333
380.3333333333333
353.44444444444446
353.44444444444446
348.6666666666667
337.1111111111111
325.8888888888889
301.1111111111111
300.44444444444446
297.77777777777777
297.44444444444446
297.44444444444446
273.44444444444446
243.22222222222223
231.77777777777777
239.77777777777777
256.22222222222223
265.1111111111111
280.44444444444446
313.77777777777777
345.6666666666667
352.22222222222223
357.44444444444446
349.0
336.0
345.22222222222223
333.22222222222223
323.77777777777777
283.1111111111111
248.11111111111111
265.55555555555554
275.1111111111111
279.44444444444446
273.22222222222223
231.77777777777777
249.88888888888889
270.6666666666667
275.55555555555554
293.6666666666667
258.44444444444446
278.6666666666667
313.8888888888889
320.77777777777777
334.22222222222223
350.77777777777777
319.0
341.77777777777777
358.6666666666667
393.8888888888889
387.1111111111111
387.1111111111111
417.3333333333333
442.0
403.77777777777777
438.6666666666667
451.6666666666667
451.6666666666667
451.6666666666667
458.44444444444446
458.44444444444446
458.44444444444446
461.77777777777777
491.55555555555554
491.55555555555554
478.6666666666667
466.77777777777777
466.77777777777777
466.77777777777777
441.77777777777777
441.77777777777777
441.77777777777777
435.77777777777777
435.77777777777777
426.77777777777777
397.8888888888889
397.8888888888889
397.8888888888889
422.8888888888889
422.8888888888889
422.8888888888889
416.77777777777777
416.77777777777777
424.0
464.77777777777777
464.77777777777777
464.77777777777777
464.77777777777777
464.77777777777777
464.77777777777777
478.1111111111111
478.1111111111111
492.77777777777777
492.77777777777777
492.77777777777777
492.77777777777777
489.0
489.0
489.0
496.22222222222223
443.8888888888889
391.55555555555554
339.22222222222223
286.8888888888889
286.8888888888889
256.3333333333333
217.77777777777777
177.22222222222223
138.33333333333334
151.11111111111111
203.44444444444446
255.77777777777777
308.1111111111111
308.1111111111111
340.44444444444446
347.8888888888889
388.44444444444446
427.3333333333333
466.8888888888889
437.22222222222223
393.8888888888889
351.44444444444446
351.44444444444446
336.0
367.1111111111111
360.6666666666667
317.44444444444446
274.44444444444446
266.3333333333333
266.8888888888889
300.44444444444446
300.44444444444446
317.8888888888889
301.44444444444446
272.22222222222223
291.0
320.22222222222223
353.55555555555554
396.3333333333333
397.3333333333333
381.22222222222223
381.22222222222223
397.6666666666667
424.0
448.44444444444446
462.22222222222223
438.44444444444446
410.44444444444446
397.0
413.1111111111111
403.22222222222223
363.0
352.55555555555554
330.6666666666667
318.3333333333333
340.1111111111111
356.8888888888889
378.22222222222223
378.22222222222223
382.44444444444446
412.55555555555554
422.8888888888889
428.6666666666667
441.0
434.0
445.22222222222223
429.77777777777777
429.77777777777777
435.44444444444446
441.22222222222223
405.6666666666667
391.6666666666667
390.22222222222223
364.3333333333333
324.1111111111111
298.3333333333333
256.77777777777777
214.44444444444446
178.22222222222223
182.55555555555554
211.44444444444446
212.88888888888889
252.22222222222223
292.44444444444446
333.6666666666667
375.22222222222223
417.55555555555554
458.1111111111111
498.77777777777777
487.44444444444446
486.6666666666667
461.3333333333333
435.77777777777777
435.77777777777777
411.6666666666667
379.8888888888889
379.8888888888889
379.77777777777777
392.3333333333333
393.1111111111111
409.1111111111111
434.1111111111111
434.1111111111111
458.22222222222223
490.0
490.0
490.1111111111111
460.22222222222223
460.22222222222223
443.77777777777777
437.1111111111111
437.1111111111111
437.1111111111111
420.44444444444446
416.6666666666667
416.6666666666667
417.55555555555554
417.55555555555554
443.3333333333333
450.55555555555554
411.0
411.0
427.6666666666667
431.44444444444446
431.44444444444446
460.44444444444446
460.44444444444446
460.44444444444446
460.44444444444446
500.0
500.0
500.0
500.0
500.0
500.0
500.0
500.0
500.0
500.0
500.0
500.0
500.0
500.0
500.0
500.0
500.0
470.77777777777777
470.77777777777777
470.77777777777777
470.77777777777777
439.8888888888889
435.1111111111111
411.6666666666667
411.6666666666667
411.6666666666667
433.0
421.8888888888889
380.44444444444446
341.6666666666667
354.3333333333333
359.1111111111111
382.55555555555554
382.55555555555554
382.55555555555554
390.44444444444446
401.55555555555554
443.0
481.77777777777777
463.3333333333333
458.0
458.0
458.0
458.0
458.0
458.0
448.3333333333333
448.3333333333333
468.1111111111111
473.44444444444446
473.44444444444446
445.77777777777777
445.77777777777777
401.8888888888889
359.0
324.8888888888889
285.0
276.8888888888889
234.66666666666666
224.22222222222223
209.22222222222223
209.22222222222223
247.22222222222223
290.1111111111111
316.55555555555554
338.8888888888889
363.8888888888889
401.8888888888889
412.3333333333333
455.0
455.0
453.3333333333333
453.3333333333333
437.6666666666667
430.1111111111111
425.0
412.44444444444446
378.77777777777777
378.77777777777777
378.77777777777777
386.3333333333333
386.3333333333333
419.3333333333333
444.44444444444446
449.55555555555554
457.0
490.6666666666667
490.6666666666667
480.77777777777777
480.77777777777777
468.55555555555554
468.55555555555554
458.6666666666667
458.6666666666667
468.0
468.0
468.0
476.77777777777777
476.77777777777777
489.0
489.0
498.8888888888889
498.8888888888889
498.8888888888889
485.3333333333333
461.44444444444446
435.3333333333333
435.3333333333333
435.3333333333333
435.3333333333333
419.44444444444446
419.44444444444446
419.44444444444446
433.0
456.8888888888889
473.0
447.6666666666667
447.6666666666667
447.6666666666667
463.55555555555554
463.55555555555554
463.55555555555554
463.55555555555554
463.55555555555554
456.77777777777777
482.1111111111111
477.6666666666667
462.3333333333333
462.3333333333333
462.3333333333333
462.3333333333333
462.3333333333333
462.3333333333333
480.22222222222223
480.22222222222223
472.8888888888889
488.22222222222223
488.22222222222223
488.22222222222223
488.22222222222223
481.0
470.44444444444446
460.0
424.3333333333333
436.1111111111111
436.1111111111111
436.1111111111111
411.3333333333333
386.22222222222223
387.77777777777777
393.8888888888889
404.3333333333333
404.55555555555554
368.22222222222223
335.77777777777777
291.55555555555554
316.3333333333333
325.1111111111111
330.77777777777777
335.22222222222223
291.6666666666667
287.55555555555554
323.8888888888889
356.3333333333333
400.55555555555554
361.3333333333333
369.3333333333333
369.3333333333333
354.77777777777777
398.3333333333333
430.55555555555554
430.55555555555554
430.55555555555554
430.55555555555554
469.77777777777777
478.1111111111111
467.8888888888889
482.44444444444446
482.44444444444446
489.77777777777777
489.77777777777777
489.77777777777777
489.77777777777777
489.77777777777777
489.77777777777777
500.0
500.0
500.0
500.0
500.0
487.3333333333333
487.3333333333333
476.6666666666667
442.6666666666667
442.6666666666667
442.6666666666667
442.6666666666667
398.55555555555554
354.3333333333333
323.1111111111111
283.3333333333333
249.55555555555554
277.6666666666667
277.6666666666667
277.6666666666667
277.6666666666667
321.77777777777777
366.0
409.8888888888889
449.6666666666667
494.1111111111111
500.0
487.6666666666667
458.77777777777777
458.77777777777777
458.77777777777777
458.77777777777777
458.77777777777777
458.77777777777777
458.77777777777777
458.77777777777777
450.77777777777777
479.6666666666667
479.6666666666667
440.1111111111111
432.3333333333333
397.44444444444446
397.44444444444446
397.44444444444446
397.44444444444446
390.77777777777777
366.44444444444446
327.55555555555554
357.6666666666667
348.55555555555554
343.44444444444446
323.3333333333333
299.3333333333333
274.77777777777777
275.44444444444446
287.3333333333333
313.3333333333333
298.77777777777777
303.8888888888889
321.0
316.6666666666667
304.77777777777777
313.1111111111111
322.22222222222223
306.0
308.1111111111111
332.1111111111111
330.8888888888889
350.8888888888889
356.22222222222223
375.0
371.55555555555554
385.8888888888889
414.55555555555554
425.3333333333333
425.3333333333333
410.8888888888889
381.22222222222223
382.0
396.8888888888889
394.55555555555554
372.0
372.0
337.0
337.0
324.3333333333333
356.8888888888889
375.22222222222223
377.44444444444446
368.44444444444446
369.6666666666667
369.6666666666667
404.6666666666667
371.6666666666667
411.77777777777777
411.77777777777777
411.77777777777777
411.77777777777777
442.77777777777777
467.0
467.0
467.0
500.0
500.0
500.0
500.0
500.0
500.0
500.0
500.0
500.0
500.0
500.0
500.0
500.0
500.0
500.0
500.0
500.0
500.0
500.0
500.0
500.0
500.0
470.1111111111111
470.1111111111111
470.1111111111111
470.1111111111111
424.44444444444446
378.6666666666667
378.6666666666667
348.8888888888889
305.22222222222223
335.1111111111111
291.1111111111111
291.1111111111111
252.88888888888889
260.6666666666667
267.55555555555554
267.55555555555554
261.0
267.77777777777777
244.44444444444446
288.44444444444446
288.44444444444446
326.6666666666667
364.55555555555554
403.44444444444446
403.44444444444446
402.55555555555554
411.6666666666667
435.0
435.0
435.0
435.0
435.0
398.44444444444446
398.44444444444446
401.1111111111111
428.8888888888889
422.44444444444446
380.3333333333333
380.3333333333333
380.3333333333333
380.3333333333333
413.1111111111111
372.22222222222223
364.3333333333333
322.6666666666667
281.3333333333333
279.77777777777777
237.88888888888889
194.0
150.77777777777777
108.22222222222223
103.88888888888889
101.0
95.11111111111111
142.88888888888889
186.55555555555554
214.44444444444446
247.88888888888889
268.8888888888889
279.8888888888889
325.1111111111111
370.44444444444446
388.77777777777777
388.77777777777777
388.77777777777777
402.77777777777777
386.1111111111111
362.77777777777777
383.6666666666667
365.44444444444446
365.44444444444446
364.8888888888889
364.8888888888889
364.8888888888889
364.8888888888889
392.0
437.55555555555554
452.0
467.22222222222223
432.44444444444446
462.22222222222223
442.0
432.8888888888889
432.8888888888889
413.55555555555554
390.0
364.0
367.0
385.1111111111111
385.1111111111111
403.0
379.55555555555554
350.3333333333333
369.6666666666667
368.22222222222223
361.44444444444446
351.0
367.6666666666667
338.1111111111111
312.0
332.22222222222223
319.77777777777777
275.8888888888889
283.0
315.77777777777777
312.77777777777777
267.44444444444446
251.88888888888889
235.55555555555554
202.77777777777777
200.0
243.88888888888889
261.77777777777777
249.22222222222223
262.6666666666667
283.44444444444446
328.55555555555554
373.3333333333333
418.44444444444446
462.8888888888889
462.8888888888889
462.8888888888889
475.44444444444446
473.1111111111111
472.77777777777777
436.6666666666667
419.3333333333333
412.22222222222223
398.1111111111111
380.1111111111111
380.1111111111111
362.3333333333333
364.6666666666667
389.55555555555554
410.77777777777777
428.1111111111111
423.1111111111111
437.22222222222223
415.0
415.0
414.6666666666667
395.44444444444446
374.3333333333333
389.22222222222223
389.22222222222223
380.6666666666667
376.3333333333333
416.55555555555554
416.55555555555554
434.6666666666667
453.8888888888889
475.0
469.22222222222223
469.22222222222223
489.8888888888889
494.22222222222223
494.22222222222223
494.22222222222223
494.22222222222223
494.22222222222223
494.22222222222223
500.0
472.3333333333333
472.3333333333333
459.22222222222223
420.55555555555554
420.55555555555554
367.22222222222223
359.55555555555554
359.55555555555554
339.3333333333333
349.0
318.6666666666667
331.77777777777777
370.44444444444446
370.44444444444446
423.77777777777777
431.44444444444446
431.44444444444446
451.6666666666667
469.6666666666667
500.0
500.0
500.0
500.0
483.3333333333333
483.3333333333333
458.22222222222223
458.22222222222223
430.22222222222223
400.1111111111111
370.55555555555554
370.55555555555554
370.55555555555554
387.22222222222223
387.22222222222223
393.8888888888889
393.8888888888889
390.44444444444446
390.8888888888889
399.8888888888889
399.8888888888889
377.6666666666667
377.6666666666667
345.55555555555554
334.0
304.8888888888889
309.22222222222223
315.55555555555554
317.22222222222223
313.8888888888889
336.1111111111111
336.1111111111111
368.22222222222223
361.44444444444446
390.55555555555554
417.6666666666667
441.0
450.55555555555554
423.55555555555554
410.0
397.0
382.3333333333333
390.6666666666667
390.6666666666667
390.6666666666667
355.8888888888889
365.22222222222223
395.55555555555554
409.1111111111111
422.1111111111111
436.77777777777777
464.44444444444446
432.8888888888889
432.8888888888889
467.6666666666667
466.3333333333333
457.77777777777777
457.77777777777777
457.77777777777777
457.77777777777777
458.55555555555554
485.3333333333333
485.3333333333333
485.3333333333333
486.6666666666667
495.22222222222223
495.22222222222223
469.1111111111111
469.1111111111111
469.0
468.8888888888889
468.8888888888889
468.8888888888889
468.8888888888889
468.8888888888889
468.8888888888889
495.0
495.0
495.1111111111111
500.0
500.0
494.0
494.0
494.0
494.0
494.0
494.0
494.0
494.0
494.0
479.6666666666667
479.6666666666667
479.6666666666667
479.6666666666667
479.6666666666667
479.6666666666667
479.6666666666667
448.44444444444446
448.44444444444446
468.77777777777777
468.77777777777777
468.77777777777777
446.6666666666667
446.6666666666667
446.6666666666667
426.0
457.22222222222223
457.22222222222223
457.22222222222223
457.22222222222223
457.22222222222223
479.3333333333333
479.3333333333333
479.3333333333333
500.0
500.0
500.0
500.0
500.0
500.0
500.0
500.0
500.0
500.0
500.0
500.0
500.0
477.6666666666667
477.6666666666667
477.6666666666667
474.77777777777777
474.77777777777777
474.77777777777777
474.77777777777777
439.1111111111111
439.1111111111111
424.8888888888889
424.8888888888889
424.8888888888889
398.22222222222223
377.44444444444446
354.3333333333333
354.3333333333333
390.0
390.0
426.55555555555554
426.55555555555554
412.1111111111111
441.6666666666667
462.44444444444446
485.55555555555554
485.55555555555554
485.55555555555554
485.55555555555554
485.55555555555554
485.55555555555554
500.0
500.0
500.0
500.0
500.0
500.0
500.0
486.6666666666667
450.22222222222223
410.44444444444446
367.3333333333333
325.22222222222223
271.77777777777777
218.33333333333334
164.88888888888889
125.88888888888889
126.88888888888889
132.11111111111111
141.33333333333334
147.22222222222223
161.55555555555554
215.0
268.44444444444446
293.22222222222223
332.22222222222223
344.55555555555554
375.77777777777777
406.3333333333333
443.55555555555554
471.3333333333333
471.3333333333333
471.3333333333333
500.0
488.6666666666667
463.8888888888889
425.0
385.77777777777777
385.77777777777777
385.77777777777777
371.1111111111111
371.1111111111111
371.1111111111111
352.44444444444446
377.22222222222223
416.1111111111111
431.0
394.44444444444446
391.77777777777777
406.44444444444446
406.44444444444446
373.1111111111111
368.1111111111111
368.1111111111111
330.44444444444446
312.44444444444446
308.22222222222223
267.1111111111111
223.88888888888889
180.77777777777777
169.11111111111111
150.11111111111111
96.44444444444444
79.88888888888889
68.22222222222223
54.77777777777778
44.333333333333336
33.22222222222222
21.77777777777778
12.444444444444445
12.0
11.11111111111111
10.777777777777779
10.222222222222221
9.88888888888889
9.555555555555555
9.333333333333334
9.333333333333334
9.222222222222221
9.444444444444445
15.444444444444445
70.0
111.0
126.33333333333333
142.55555555555554
169.33333333333334
223.88888888888889
278.3333333333333
332.55555555555554
381.1111111111111
343.6666666666667
357.22222222222223
364.0
402.3333333333333
414.22222222222223
400.55555555555554
400.55555555555554
400.55555555555554
400.55555555555554
438.0
433.6666666666667
466.1111111111111
440.77777777777777
456.6666666666667
470.3333333333333
470.3333333333333
438.6666666666667
437.8888888888889
437.8888888888889
412.44444444444446
412.44444444444446
437.77777777777777
437.22222222222223
413.55555555555554
379.22222222222223
389.77777777777777
356.44444444444446
314.22222222222223
301.55555555555554
258.8888888888889
219.44444444444446
180.11111111111111
194.33333333333334
205.0
201.66666666666666
235.77777777777777
259.22222222222223
286.1111111111111
300.44444444444446
324.55555555555554
357.0
346.44444444444446
366.6666666666667
391.1111111111111
391.1111111111111
409.8888888888889
409.55555555555554
437.8888888888889
437.22222222222223
441.0
461.0
464.44444444444446
446.44444444444446
446.44444444444446
446.44444444444446
462.3333333333333
443.0
459.0
455.6666666666667
412.44444444444446
368.3333333333333
341.8888888888889
298.55555555555554
255.0
246.11111111111111
212.66666666666666
212.66666666666666
198.33333333333334
236.22222222222223
280.3333333333333
303.6666666666667
328.77777777777777
372.3333333333333
381.22222222222223
434.0
392.3333333333333
392.55555555555554
355.55555555555554
355.55555555555554
376.6666666666667
394.8888888888889
394.8888888888889
394.8888888888889
394.8888888888889
436.55555555555554
419.22222222222223
461.55555555555554
419.6666666666667
419.6666666666667
419.6666666666667
419.6666666666667
366.6666666666667
313.8888888888889
259.77777777777777
298.22222222222223
298.22222222222223
340.1111111111111
340.1111111111111
340.1111111111111
340.1111111111111
393.1111111111111
445.8888888888889
500.0
480.6666666666667
436.77777777777777
392.55555555555554
349.44444444444446
310.55555555555554
277.3333333333333
277.3333333333333
258.1111111111111
232.22222222222223
251.55555555555554
295.44444444444446
339.6666666666667
382.77777777777777
421.6666666666667
454.8888888888889
454.8888888888889
474.1111111111111
500.0
500.0
500.0
500.0
472.6666666666667
462.44444444444446
462.44444444444446
462.44444444444446
462.44444444444446
462.44444444444446
462.44444444444446
462.44444444444446
443.6666666666667
471.0
457.55555555555554
433.8888888888889
408.0
382.3333333333333
382.3333333333333
382.3333333333333
376.6666666666667
395.44444444444446
395.44444444444446
410.77777777777777
427.22222222222223
453.1111111111111
472.7142857142857
472.0
453.3333333333333
500.0
