11.0
11.0
11.0
11.0
11.0
11.0
11.0
11.0
11.0
13.0
11.0
11.0
11.0
11.0
11.0
11.0
11.0
11.0
11.0
11.0
11.0
11.0
11.0
11.0
11.0
11.0
11.0
11.0
11.0
11.0
11.0
11.0
11.0
11.0
11.0
11.0
11.0
11.0
11.0
11.0
11.0
11.0
11.0
11.0
11.0
11.0
11.0
12.0
13.0
11.0
11.0
11.0
11.0
12.0
11.0
11.0
11.0
11.0
11.0
11.0
11.0
11.0
11.0
11.0
11.0
11.0
11.0
13.0
14.0
30.0
8.0
8.0
10.0
8.0
8.0
8.0
44.0
9.0
19.0
9.0
8.0
8.0
13.0
14.0
12.0
9.0
10.0
10.0
9.0
9.0
8.0
44.0
68.0
28.0
39.0
65.0
39.0
51.0
57.0
53.0
45.0
69.0
73.0
127.0
122.0
106.0
234.0
93.0
144.0
196.0
350.0
314.0
500.0
500.0
500.0
356.0
366.0
269.0
286.0
347.0
353.0
247.0
278.0
275.0
267.0
226.0
294.0
253.0
235.0
250.0
241.0
262.0
203.0
215.0
248.0
225.0
200.0
200.0
202.0
180.0
194.0
218.0
227.0
203.0
201.0
173.0
204.0
201.0
199.0
203.0
183.0
172.0
244.0
220.0
238.0
232.0
250.0
305.0
256.0
262.0
295.0
300.0
270.0
316.0
292.0
325.0
332.0
317.0
288.0
500.0
317.0
237.0
242.0
247.0
279.0
286.0
369.0
396.0
500.0
500.0
500.0
500.0
500.0
500.0
500.0
500.0
325.0
356.0
497.0
500.0
297.0
276.0
362.0
453.0
370.0
500.0
496.0
500.0
500.0
500.0
500.0
500.0
500.0
500.0
500.0
500.0
416.0
500.0
500.0
500.0
351.0
500.0
500.0
500.0
500.0
404.0
500.0
500.0
338.0
500.0
500.0
335.0
423.0
438.0
500.0
500.0
500.0
500.0
500.0
500.0
500.0
500.0
500.0
500.0
500.0
500.0
500.0
500.0
500.0
500.0
500.0
166.0
123.0
500.0
500.0
500.0
122.0
326.0
73.0
500.0
337.0
142.0
500.0
132.0
500.0
500.0
88.0
500.0
500.0
500.0
500.0
370.0
500.0
312.0
162.0
323.0
158.0
485.0
137.0
500.0
500.0
87.0
325.0
500.0
407.0
500.0
500.0
406.0
500.0
500.0
500.0
500.0
500.0
500.0
500.0
500.0
316.0
311.0
500.0
500.0
500.0
287.0
500.0
403.0
500.0
500.0
500.0
500.0
500.0
500.0
277.0
500.0
500.0
500.0
500.0
500.0
308.0
500.0
500.0
500.0
235.0
498.0
500.0
500.0
173.0
257.0
381.0
362.0
137.0
356.0
500.0
500.0
311.0
500.0
372.0
500.0
500.0
500.0
489.0
500.0
500.0
500.0
106.0
416.0
500.0
500.0
500.0
500.0
500.0
500.0
500.0
500.0
500.0
500.0
500.0
500.0
500.0
500.0
500.0
500.0
500.0
500.0
500.0
482.0
500.0
500.0
165.0
116.0
26.0
500.0
126.0
500.0
500.0
165.0
500.0
500.0
500.0
500.0
500.0
140.0
500.0
500.0
145.0
177.0
500.0
500.0
500.0
500.0
500.0
500.0
500.0
500.0
500.0
500.0
500.0
246.0
239.0
168.0
323.0
326.0
346.0
177.0
318.0
333.0
390.0
294.0
362.0
356.0
335.0
309.0
250.0
415.0
232.0
456.0
167.0
370.0
319.0
314.0
297.0
172.0
322.0
341.0
427.0
159.0
350.0
172.0
478.0
500.0
407.0
379.0
439.0
374.0
366.0
363.0
500.0
500.0
500.0
495.0
457.0
500.0
500.0
213.0
500.0
500.0
489.0
500.0
269.0
500.0
306.0
260.0
214.0
213.0
218.0
500.0
328.0
188.0
279.0
240.0
360.0
296.0
500.0
500.0
500.0
256.0
211.0
500.0
500.0
492.0
500.0
184.0
500.0
500.0
500.0
500.0
337.0
500.0
500.0
500.0
500.0
500.0
500.0
173.0
13.0
452.0
500.0
352.0
314.0
304.0
277.0
500.0
500.0
373.0
497.0
500.0
500.0
500.0
500.0
440.0
500.0
35.0
140.0
123.0
328.0
378.0
500.0
500.0
500.0
500.0
500.0
500.0
500.0
500.0
500.0
500.0
500.0
500.0
500.0
500.0
500.0
430.0
401.0
421.0
428.0
384.0
353.0
384.0
288.0
322.0
357.0
327.0
316.0
343.0
365.0
343.0
306.0
414.0
169.0
435.0
157.0
161.0
438.0
500.0
500.0
344.0
362.0
426.0
500.0
427.0
500.0
428.0
193.0
384.0
227.0
219.0
302.0
177.0
408.0
175.0
432.0
282.0
169.0
330.0
373.0
158.0
373.0
206.0
262.0
500.0
500.0
500.0
487.0
140.0
307.0
500.0
190.0
386.0
500.0
301.0
436.0
320.0
284.0
277.0
266.0
354.0
257.0
171.0
332.0
399.0
350.0
500.0
500.0
319.0
438.0
429.0
403.0
13.0
13.0
15.0
15.0
13.0
14.0
375.0
178.0
197.0
191.0
231.0
177.0
312.0
219.0
173.0
382.0
239.0
500.0
500.0
500.0
500.0
500.0
500.0
500.0
500.0
500.0
500.0
500.0
500.0
500.0
500.0
500.0
500.0
500.0
500.0
500.0
500.0
500.0
500.0
500.0
500.0
500.0
500.0
500.0
500.0
500.0
500.0
235.0
500.0
308.0
500.0
288.0
449.0
500.0
500.0
500.0
500.0
500.0
500.0
500.0
148.0
155.0
194.0
500.0
500.0
155.0
479.0
500.0
165.0
500.0
500.0
500.0
500.0
228.0
500.0
500.0
191.0
256.0
286.0
500.0
433.0
238.0
207.0
265.0
500.0
412.0
500.0
250.0
196.0
277.0
229.0
297.0
233.0
500.0
268.0
255.0
188.0
238.0
291.0
166.0
268.0
305.0
500.0
220.0
176.0
275.0
241.0
302.0
242.0
248.0
277.0
271.0
207.0
438.0
270.0
177.0
364.0
500.0
218.0
500.0
60.0
303.0
211.0
231.0
450.0
300.0
362.0
500.0
500.0
500.0
500.0
467.0
500.0
500.0
500.0
325.0
500.0
500.0
500.0
175.0
162.0
125.0
133.0
500.0
500.0
500.0
152.0
500.0
150.0
500.0
131.0
284.0
483.0
500.0
500.0
500.0
500.0
500.0
500.0
500.0
500.0
500.0
500.0
500.0
500.0
110.0
500.0
500.0
500.0
500.0
500.0
500.0
265.0
500.0
500.0
500.0
500.0
500.0
356.0
500.0
500.0
500.0
409.0
152.0
143.0
500.0
500.0
372.0
500.0
500.0
500.0
234.0
152.0
171.0
154.0
133.0
500.0
500.0
500.0
500.0
500.0
500.0
424.0
500.0
500.0
500.0
374.0
428.0
500.0
500.0
500.0
500.0
500.0
500.0
500.0
500.0
500.0
160.0
500.0
500.0
500.0
415.0
331.0
465.0
393.0
500.0
500.0
191.0
500.0
500.0
500.0
198.0
246.0
500.0
500.0
500.0
500.0
321.0
500.0
359.0
500.0
500.0
500.0
345.0
500.0
500.0
500.0
500.0
500.0
446.0
500.0
500.0
332.0
500.0
500.0
500.0
372.0
356.0
353.0
394.0
500.0
385.0
159.0
357.0
500.0
423.0
417.0
500.0
500.0
500.0
488.0
256.0
474.0
396.0
321.0
500.0
406.0
435.0
500.0
494.0
484.0
500.0
500.0
500.0
275.0
500.0
500.0
270.0
245.0
383.0
479.0
359.0
391.0
500.0
500.0
498.0
327.0
316.0
346.0
366.0
357.0
500.0
500.0
353.0
305.0
500.0
500.0
500.0
500.0
500.0
500.0
500.0
500.0
500.0
500.0
500.0
500.0
334.0
437.0
381.0
500.0
500.0
500.0
500.0
255.0
429.0
500.0
500.0
500.0
500.0
334.0
474.0
393.0
200.0
13.0
500.0
56.0
453.0
500.0
500.0
500.0
500.0
294.0
252.0
500.0
500.0
500.0
500.0
500.0
500.0
500.0
500.0
500.0
500.0
500.0
500.0
500.0
500.0
500.0
500.0
500.0
500.0
500.0
500.0
162.0
500.0
155.0
161.0
163.0
152.0
158.0
159.0
500.0
178.0
500.0
377.0
500.0
500.0
376.0
324.0
141.0
500.0
500.0
500.0
500.0
500.0
423.0
500.0
248.0
250.0
374.0
258.0
500.0
500.0
179.0
430.0
500.0
500.0
500.0
218.0
245.0
191.0
500.0
500.0
500.0
500.0
500.0
500.0
500.0
500.0
500.0
500.0
478.0
500.0
332.0
500.0
500.0
500.0
500.0
500.0
500.0
500.0
500.0
500.0
500.0
440.0
500.0
500.0
500.0
500.0
340.0
200.0
205.0
58.0
30.0
141.0
147.0
500.0
500.0
500.0
500.0
500.0
500.0
500.0
500.0
500.0
500.0
500.0
428.0
500.0
500.0
492.0
205.0
155.0
485.0
394.0
493.0
210.0
333.0
500.0
12.0
12.0
12.0
11.0
500.0
85.0
260.0
500.0
500.0
500.0
500.0
500.0
306.0
500.0
500.0
500.0
500.0
196.0
204.0
500.0
278.0
269.0
250.0
500.0
279.0
500.0
484.0
228.0
500.0
500.0
500.0
500.0
500.0
500.0
500.0
500.0
500.0
500.0
437.0
500.0
59.0
500.0
500.0
500.0
222.0
500.0
500.0
500.0
500.0
500.0
500.0
500.0
500.0
500.0
500.0
321.0
500.0
372.0
500.0
242.0
500.0
207.0
281.0
233.0
500.0
210.0
500.0
441.0
197.0
228.0
177.0
486.0
218.0
411.0
387.0
500.0
474.0
440.0
175.0
459.0
465.0
500.0
453.0
175.0
500.0
500.0
500.0
500.0
263.0
500.0
500.0
258.0
215.0
500.0
214.0
500.0
500.0
384.0
500.0
373.0
500.0
440.0
486.0
500.0
500.0
400.0
500.0
500.0
500.0
500.0
500.0
466.0
500.0
500.0
500.0
500.0
500.0
400.0
500.0
500.0
500.0
500.0
500.0
91.0
263.0
500.0
500.0
500.0
500.0
500.0
500.0
500.0
500.0
500.0
207.0
500.0
498.0
500.0
500.0
500.0
500.0
500.0
500.0
12.0
12.0
500.0
219.0
160.0
123.0
132.0
77.0
54.0
13.0
51.0
13.0
44.0
13.0
13.0
45.0
45.0
67.0
100.0
15.0
81.0
97.0
140.0
117.0
126.0
129.0
462.0
500.0
500.0
500.0
500.0
500.0
500.0
500.0
500.0
500.0
500.0
500.0
500.0
474.0
331.0
433.0
428.0
450.0
470.0
359.0
358.0
353.0
500.0
500.0
500.0
500.0
500.0
500.0
500.0
312.0
298.0
300.0
500.0
353.0
209.0
213.0
308.0
250.0
15.0
263.0
274.0
500.0
500.0
500.0
500.0
500.0
500.0
500.0
500.0
500.0
500.0
500.0
500.0
500.0
500.0
500.0
139.0
95.0
113.0
120.0
150.0
500.0
500.0
500.0
500.0
500.0
500.0
500.0
500.0
500.0
500.0
130.0
500.0
500.0
217.0
500.0
500.0
500.0
500.0
479.0
500.0
326.0
28.0
28.0
442.0
500.0
500.0
500.0
500.0
500.0
500.0
248.0
500.0
500.0
280.0
500.0
500.0
500.0
231.0
249.0
262.0
255.0
500.0
500.0
500.0
500.0
256.0
500.0
340.0
500.0
500.0
500.0
448.0
367.0
500.0
500.0
500.0
500.0
500.0
500.0
500.0
500.0
500.0
500.0
500.0
500.0
500.0
500.0
500.0
500.0
500.0
500.0
500.0
500.0
500.0
500.0
500.0
500.0
433.0
360.0
500.0
500.0
500.0
413.0
500.0
307.0
500.0
500.0
335.0
500.0
500.0
157.0
500.0
133.0
135.0
146.0
139.0
149.0
184.0
162.0
168.0
318.0
290.0
500.0
195.0
500.0
500.0
500.0
236.0
500.0
455.0
500.0
500.0
427.0
368.0
492.0
222.0
256.0
203.0
213.0
500.0
457.0
323.0
267.0
269.0
216.0
232.0
200.0
213.0
284.0
185.0
220.0
339.0
417.0
296.0
370.0
500.0
500.0
343.0
232.0
144.0
222.0
500.0
188.0
285.0
134.0
185.0
500.0
318.0
183.0
166.0
127.0
351.0
472.0
178.0
348.0
183.0
500.0
500.0
228.0
248.0
500.0
186.0
383.0
500.0
500.0
439.0
500.0
500.0
470.0
156.0
500.0
500.0
500.0
500.0
500.0
500.0
500.0
500.0
424.0
500.0
384.0
393.0
500.0
500.0
275.0
500.0
500.0
370.0
500.0
303.0
133.0
500.0
500.0
500.0
500.0
500.0
315.0
500.0
368.0
500.0
500.0
500.0
500.0
500.0
500.0
435.0
500.0
500.0
500.0
500.0
500.0
466.0
500.0
500.0
500.0
29.0
29.0
29.0
29.0
500.0
191.0
153.0
135.0
150.0
144.0
500.0
500.0
500.0
500.0
482.0
220.0
500.0
500.0
500.0
233.0
110.0
118.0
500.0
343.0
500.0
442.0
111.0
113.0
160.0
115.0
420.0
500.0
500.0
352.0
179.0
280.0
376.0
460.0
500.0
429.0
355.0
500.0
500.0
416.0
500.0
500.0
246.0
248.0
308.0
500.0
411.0
138.0
322.0
303.0
389.0
442.0
399.0
500.0
500.0
449.0
409.0
415.0
355.0
500.0
379.0
500.0
361.0
500.0
500.0
461.0
95.0
229.0
487.0
146.0
138.0
129.0
126.0
119.0
135.0
134.0
489.0
500.0
500.0
500.0
500.0
500.0
500.0
500.0
500.0
387.0
493.0
272.0
270.0
500.0
283.0
214.0
500.0
499.0
500.0
500.0
416.0
495.0
500.0
500.0
500.0
500.0
500.0
231.0
500.0
268.0
435.0
500.0
500.0
350.0
466.0
500.0
239.0
500.0
500.0
500.0
144.0
500.0
500.0
500.0
500.0
500.0
500.0
500.0
500.0
500.0
500.0
500.0
500.0
500.0
500.0
500.0
500.0
500.0
500.0
500.0
500.0
500.0
500.0
500.0
500.0
500.0
237.0
500.0
500.0
500.0
222.0
457.0
289.0
500.0
500.0
429.0
400.0
127.0
151.0
336.0
500.0
500.0
500.0
500.0
500.0
500.0
500.0
500.0
170.0
452.0
500.0
500.0
500.0
500.0
500.0
413.0
500.0
348.0
500.0
500.0
251.0
500.0
105.0
114.0
106.0
141.0
275.0
120.0
406.0
116.0
500.0
447.0
500.0
344.0
342.0
500.0
462.0
500.0
500.0
500.0
432.0
500.0
203.0
274.0
454.0
349.0
197.0
500.0
500.0
500.0
500.0
500.0
500.0
500.0
416.0
500.0
500.0
411.0
500.0
390.0
500.0
411.0
500.0
500.0
500.0
500.0
490.0
500.0
500.0
500.0
500.0
500.0
500.0
378.0
285.0
255.0
500.0
500.0
500.0
357.0
500.0
500.0
500.0
500.0
400.0
272.0
500.0
500.0
500.0
500.0
500.0
500.0
500.0
339.0
500.0
460.0
362.0
500.0
500.0
500.0
500.0
500.0
500.0
500.0
394.0
500.0
500.0
500.0
500.0
435.0
405.0
406.0
179.0
500.0
500.0
500.0
277.0
274.0
449.0
460.0
500.0
181.0
173.0
208.0
102.0
500.0
353.0
500.0
500.0
108.0
144.0
500.0
500.0
500.0
147.0
425.0
500.0
369.0
500.0
434.0
500.0
500.0
500.0
500.0
500.0
408.0
500.0
500.0
500.0
500.0
500.0
500.0
500.0
500.0
500.0
500.0
500.0
500.0
500.0
386.0
500.0
404.0
194.0
500.0
500.0
500.0
103.0
102.0
105.0
142.0
100.0
447.0
500.0
500.0
500.0
500.0
500.0
500.0
500.0
500.0
500.0
389.0
240.0
500.0
500.0
500.0
500.0
500.0
500.0
500.0
317.0
500.0
500.0
144.0
430.0
186.0
500.0
500.0
500.0
257.0
281.0
150.0
415.0
348.0
140.0
319.0
284.0
279.0
263.0
388.0
384.0
284.0
394.0
294.0
280.0
177.0
354.0
345.0
242.0
403.0
500.0
383.0
474.0
328.0
346.0
323.0
474.0
500.0
500.0
500.0
253.0
207.0
335.0
480.0
302.0
271.0
500.0
185.0
500.0
139.0
500.0
500.0
500.0
221.0
282.0
500.0
500.0
203.0
500.0
500.0
500.0
500.0
500.0
500.0
500.0
500.0
500.0
500.0
500.0
500.0
500.0
500.0
500.0
500.0
500.0
500.0
500.0
500.0
500.0
500.0
500.0
500.0
500.0
500.0
500.0
500.0
500.0
500.0
231.0
500.0
500.0
500.0
89.0
88.0
500.0
232.0
107.0
500.0
104.0
500.0
156.0
159.0
150.0
500.0
173.0
168.0
290.0
500.0
500.0
500.0
500.0
500.0
500.0
165.0
250.0
500.0
500.0
500.0
500.0
500.0
171.0
500.0
189.0
500.0
442.0
121.0
500.0
500.0
500.0
466.0
132.0
118.0
125.0
70.0
107.0
123.0
105.0
111.0
83.0
93.0
92.0
72.0
500.0
500.0
374.0
406.0
300.0
182.0
500.0
500.0
237.0
500.0
500.0
500.0
256.0
90.0
370.0
336.0
500.0
232.0
500.0
500.0
500.0
500.0
500.0
500.0
473.0
187.0
500.0
318.0
418.0
500.0
326.0
288.0
266.0
500.0
350.0
500.0
479.0
207.0
237.0
500.0
275.0
205.0
406.0
500.0
234.0
244.0
389.0
125.0
105.0
339.0
500.0
379.0
92.0
94.0
97.0
94.0
100.0
500.0
500.0
387.0
500.0
279.0
500.0
500.0
500.0
500.0
500.0
500.0
500.0
479.0
276.0
175.0
344.0
436.0
373.0
338.0
500.0
340.0
500.0
500.0
366.0
500.0
391.0
500.0
138.0
500.0
337.0
327.0
310.0
500.0
500.0
314.0
461.0
500.0
500.0
500.0
500.0
500.0
448.0
500.0
500.0
500.0
500.0
500.0
500.0
500.0
500.0
500.0
251.0
500.0
382.0
152.0
500.0
20.0
431.0
500.0
318.0
338.0
227.0
500.0
500.0
500.0
500.0
500.0
500.0
500.0
500.0
500.0
500.0
500.0
500.0
350.0
500.0
274.0
500.0
248.0
229.0
234.0
500.0
500.0
500.0
500.0
334.0
500.0
217.0
233.0
315.0
500.0
300.0
500.0
211.0
230.0
238.0
256.0
290.0
330.0
470.0
500.0
500.0
500.0
169.0
500.0
500.0
500.0
416.0
227.0
378.0
383.0
368.0
244.0
500.0
500.0
187.0
500.0
500.0
500.0
500.0
500.0
493.0
216.0
500.0
500.0
488.0
423.0
500.0
500.0
500.0
500.0
457.0
500.0
500.0
500.0
500.0
500.0
265.0
500.0
499.0
456.0
500.0
500.0
500.0
500.0
500.0
500.0
500.0
500.0
500.0
500.0
446.0
500.0
500.0
500.0
500.0
500.0
500.0
500.0
500.0
317.0
500.0
500.0
500.0
500.0
500.0
500.0
219.0
500.0
500.0
500.0
500.0
301.0
500.0
500.0
314.0
500.0
500.0
500.0
500.0
500.0
500.0
500.0
500.0
500.0
500.0
500.0
500.0
500.0
500.0
500.0
500.0
500.0
500.0
500.0
500.0
500.0
299.0
500.0
500.0
474.0
500.0
500.0
500.0
179.0
500.0
171.0
500.0
500.0
234.0
313.0
292.0
500.0
500.0
500.0
500.0
500.0
370.0
500.0
500.0
500.0
500.0
500.0
500.0
500.0
500.0
500.0
500.0
500.0
500.0
500.0
500.0
500.0
380.0
172.0
142.0
112.0
121.0
19.0
19.0
19.0
149.0
389.0
219.0
225.0
165.0
250.0
500.0
500.0
242.0
500.0
500.0
500.0
500.0
500.0
500.0
500.0
500.0
500.0
398.0
277.0
150.0
147.0
500.0
500.0
368.0
500.0
500.0
230.0
500.0
500.0
281.0
171.0
476.0
500.0
500.0
200.0
185.0
500.0
161.0
119.0
133.0
106.0
111.0
112.0
95.0
14.0
17.0
12.0
14.0
12.0
12.0
11.0
9.0
11.0
10.0
9.0
9.0
9.0
9.0
9.0
9.0
9.0
10.0
12.0
63.0
500.0
378.0
147.0
155.0
250.0
500.0
500.0
500.0
500.0
163.0
500.0
208.0
500.0
357.0
377.0
500.0
500.0
500.0
500.0
461.0
500.0
272.0
500.0
500.0
500.0
215.0
493.0
500.0
232.0
500.0
500.0
495.0
287.0
191.0
310.0
193.0
120.0
118.0
116.0
145.0
141.0
415.0
287.0
280.0
500.0
331.0
360.0
245.0
362.0
433.0
320.0
469.0
500.0
500.0
500.0
357.0
500.0
356.0
467.0
500.0
500.0
338.0
500.0
500.0
500.0
326.0
500.0
437.0
111.0
103.0
100.0
110.0
108.0
420.0
25.0
500.0
308.0
452.0
500.0
310.0
336.0
500.0
500.0
500.0
125.0
310.0
119.0
500.0
500.0
500.0
500.0
500.0
500.0
500.0
154.0
500.0
123.0
500.0
500.0
500.0
23.0
25.0
13.0
500.0
500.0
500.0
500.0
500.0
500.0
500.0
500.0
500.0
326.0
105.0
102.0
112.0
150.0
201.0
500.0
327.0
267.0
500.0
500.0
500.0
500.0
500.0
500.0
500.0
500.0
500.0
500.0
500.0
500.0
254.0
408.0
500.0
500.0
500.0
500.0
500.0
500.0
331.0
500.0
287.0
287.0
267.0
269.0
500.0
500.0
449.0
500.0
500.0
425.0
435.0
500.0
500.0
500.0
500.0
500.0
435.0
435.0
500.0
500.0
500.0
500.0
500.0
500.0
451.0
500.0
500.0
500.0
500.0
500.0
500.0
498.0
335.0
134.0
500.0
500.0
140.0
500.0
500.0
500.0
458.0
500.0
418.0
500.0
475.0
500.0
500.0
468.0
500.0
416.0
453.0
500.0
500.0
259.0
295.0
322.0
8.0
8.0
8.0
8.0
8.0
8.0
9.0
9.0
289.0
97.0
30.0
100.0
116.0
122.0
118.0
114.0
117.0
115.0
113.0
114.0
115.0
122.0
121.0
130.0
155.0
152.0
444.0
356.0
315.0
290.0
448.0
431.0
450.0
335.0
495.0
351.0
305.0
497.0
500.0
500.0
331.0
413.0
500.0
500.0
500.0
463.0
102.0
109.0
500.0
500.0
500.0
500.0
500.0
500.0
131.0
110.0
131.0
135.0
500.0
147.0
110.0
108.0
141.0
311.0
165.0
136.0
158.0
184.0
442.0
500.0
240.0
380.0
500.0
464.0
13.0
13.0
500.0
500.0
500.0
500.0
500.0
500.0
500.0
500.0
500.0
500.0
500.0
484.0
500.0
500.0
500.0
500.0
500.0
500.0
500.0
500.0
169.0
135.0
147.0
500.0
484.0
500.0
500.0
500.0
500.0
500.0
500.0
500.0
500.0
486.0
341.0
299.0
352.0
148.0
164.0
327.0
500.0
500.0
162.0
500.0
219.0
500.0
500.0
500.0
500.0
500.0
500.0
500.0
500.0
500.0
500.0
500.0
500.0
500.0
500.0
500.0
500.0
500.0
500.0
500.0
500.0
500.0
500.0
204.0
13.0
13.0
13.0
13.0
13.0
13.0
13.0
16.0
22.0
500.0
11.0
11.0
9.0
8.0
8.0
8.0
9.0
9.0
12.0
18.0
14.0
16.0
500.0
396.0
495.0
500.0
500.0
500.0
358.0
379.0
500.0
500.0
500.0
500.0
500.0
474.0
500.0
500.0
500.0
278.0
500.0
500.0
500.0
500.0
483.0
500.0
264.0
168.0
500.0
266.0
121.0
114.0
170.0
313.0
395.0
456.0
500.0
226.0
144.0
370.0
493.0
462.0
458.0
435.0
435.0
190.0
500.0
500.0
264.0
224.0
241.0
326.0
334.0
425.0
442.0
343.0
110.0
445.0
500.0
500.0
450.0
494.0
457.0
266.0
218.0
260.0
244.0
370.0
318.0
331.0
312.0
290.0
269.0
324.0
409.0
292.0
431.0
246.0
300.0
402.0
277.0
93.0
264.0
276.0
296.0
394.0
338.0
327.0
416.0
500.0
357.0
401.0
405.0
464.0
487.0
500.0
458.0
500.0
500.0
165.0
437.0
422.0
458.0
478.0
500.0
465.0
500.0
188.0
166.0
213.0
450.0
500.0
158.0
294.0
166.0
278.0
475.0
500.0
500.0
500.0
377.0
500.0
337.0
207.0
500.0
369.0
500.0
182.0
500.0
500.0
500.0
299.0
484.0
214.0
500.0
419.0
259.0
500.0
187.0
175.0
500.0
436.0
285.0
178.0
167.0
500.0
240.0
330.0
500.0
478.0
500.0
500.0
222.0
422.0
500.0
500.0
500.0
184.0
500.0
500.0
189.0
449.0
219.0
488.0
500.0
386.0
500.0
500.0
199.0
273.0
13.0
188.0
219.0
500.0
500.0
500.0
500.0
500.0
264.0
500.0
500.0
500.0
500.0
500.0
258.0
340.0
500.0
500.0
500.0
500.0
500.0
281.0
324.0
500.0
500.0
309.0
175.0
180.0
187.0
296.0
500.0
500.0
31.0
310.0
500.0
135.0
221.0
322.0
500.0
500.0
500.0
300.0
500.0
500.0
500.0
500.0
500.0
500.0
474.0
500.0
500.0
500.0
324.0
500.0
500.0
500.0
500.0
104.0
500.0
500.0
367.0
500.0
301.0
394.0
117.0
287.0
106.0
500.0
500.0
292.0
120.0
197.0
474.0
321.0
482.0
187.0
95.0
141.0
500.0
500.0
500.0
500.0
500.0
260.0
500.0
500.0
500.0
403.0
500.0
500.0
500.0
500.0
500.0
500.0
500.0
500.0
500.0
500.0
500.0
500.0
500.0
500.0
277.0
437.0
424.0
325.0
144.0
500.0
124.0
436.0
457.0
500.0
391.0
366.0
118.0
500.0
362.0
500.0
440.0
430.0
500.0
474.0
500.0
341.0
500.0
500.0
343.0
500.0
500.0
500.0
500.0
500.0
394.0
500.0
169.0
500.0
174.0
500.0
500.0
500.0
500.0
498.0
500.0
500.0
500.0
500.0
371.0
142.0
113.0
133.0
132.0
120.0
147.0
158.0
500.0
500.0
500.0
148.0
500.0
136.0
500.0
447.0
500.0
156.0
500.0
500.0
500.0
500.0
500.0
500.0
500.0
500.0
500.0
500.0
500.0
500.0
376.0
500.0
500.0
500.0
500.0
125.0
500.0
111.0
126.0
479.0
500.0
129.0
500.0
500.0
500.0
500.0
500.0
500.0
500.0
500.0
500.0
139.0
500.0
500.0
253.0
119.0
137.0
56.0
317.0
500.0
245.0
143.0
114.0
500.0
500.0
128.0
500.0
500.0
500.0
500.0
500.0
500.0
156.0
148.0
143.0
166.0
500.0
500.0
500.0
500.0
483.0
500.0
500.0
136.0
209.0
229.0
500.0
200.0
500.0
126.0
202.0
141.0
153.0
500.0
285.0
500.0
500.0
216.0
500.0
500.0
181.0
500.0
500.0
197.0
261.0
397.0
121.0
500.0
500.0
500.0
251.0
296.0
344.0
278.0
500.0
500.0
500.0
500.0
500.0
500.0
500.0
500.0
500.0
500.0
500.0
500.0
500.0
500.0
500.0
500.0
500.0
227.0
500.0
500.0
367.0
46.0
224.0
500.0
225.0
404.0
170.0
500.0
134.0
500.0
500.0
500.0
500.0
500.0
301.0
500.0
500.0
500.0
500.0
500.0
500.0
500.0
366.0
144.0
500.0
500.0
497.0
500.0
186.0
500.0
35.0
500.0
500.0
336.0
373.0
500.0
377.0
35.0
500.0
500.0
500.0
292.0
500.0
139.0
500.0
500.0
500.0
500.0
500.0
356.0
422.0
500.0
483.0
500.0
500.0
500.0
500.0
396.0
500.0
500.0
500.0
500.0
148.0
134.0
400.0
500.0
500.0
500.0
500.0
254.0
500.0
500.0
500.0
500.0
500.0
450.0
144.0
500.0
500.0
500.0
500.0
500.0
145.0
218.0
500.0
109.0
500.0
365.0
500.0
459.0
500.0
500.0
500.0
500.0
500.0
483.0
500.0
208.0
500.0
500.0
500.0
500.0
322.0
500.0
500.0
125.0
36.0
500.0
102.0
97.0
100.0
98.0
43.0
95.0
97.0
500.0
500.0
500.0
500.0
363.0
500.0
500.0
500.0
500.0
500.0
500.0
500.0
372.0
135.0
500.0
500.0
500.0
417.0
500.0
444.0
409.0
500.0
500.0
500.0
500.0
500.0
500.0
500.0
393.0
500.0
500.0
500.0
500.0
500.0
359.0
31.0
359.0
210.0
324.0
500.0
233.0
438.0
500.0
480.0
500.0
244.0
500.0
411.0
500.0
469.0
500.0
291.0
500.0
455.0
332.0
349.0
215.0
500.0
500.0
500.0
431.0
500.0
500.0
422.0
448.0
381.0
82.0
249.0
197.0
500.0
500.0
394.0
223.0
113.0
140.0
318.0
140.0
500.0
500.0
365.0
347.0
139.0
236.0
411.0
335.0
330.0
500.0
266.0
424.0
500.0
500.0
124.0
211.0
276.0
251.0
417.0
500.0
373.0
425.0
500.0
500.0
54.0
500.0
235.0
500.0
500.0
500.0
262.0
221.0
351.0
155.0
500.0
322.0
500.0
484.0
261.0
221.0
500.0
492.0
428.0
414.0
310.0
500.0
498.0
500.0
500.0
421.0
188.0
129.0
500.0
172.0
360.0
500.0
411.0
435.0
199.0
500.0
188.0
140.0
500.0
107.0
110.0
33.0
29.0
134.0
191.0
210.0
466.0
438.0
500.0
470.0
464.0
328.0
500.0
500.0
500.0
500.0
500.0
500.0
435.0
500.0
148.0
122.0
127.0
147.0
348.0
174.0
500.0
178.0
367.0
292.0
145.0
119.0
148.0
500.0
162.0
500.0
500.0
119.0
224.0
500.0
500.0
419.0
500.0
473.0
464.0
368.0
195.0
377.0
404.0
367.0
381.0
314.0
343.0
463.0
382.0
321.0
419.0
500.0
486.0
407.0
370.0
409.0
354.0
500.0
500.0
479.0
500.0
414.0
500.0
426.0
285.0
237.0
318.0
500.0
500.0
283.0
243.0
405.0
294.0
254.0
247.0
251.0
255.0
286.0
285.0
263.0
500.0
305.0
225.0
251.0
309.0
500.0
430.0
433.0
500.0
401.0
500.0
500.0
500.0
500.0
500.0
500.0
500.0
500.0
500.0
500.0
396.0
500.0
322.0
500.0
194.0
500.0
163.0
478.0
149.0
163.0
146.0
152.0
143.0
138.0
500.0
137.0
500.0
192.0
500.0
168.0
158.0
183.0
500.0
153.0
174.0
173.0
199.0
178.0
176.0
212.0
186.0
189.0
215.0
272.0
500.0
357.0
293.0
500.0
421.0
500.0
500.0
378.0
284.0
391.0
349.0
500.0
500.0
455.0
500.0
146.0
500.0
169.0
500.0
500.0
500.0
383.0
500.0
500.0
500.0
500.0
500.0
500.0
500.0
500.0
500.0
500.0
500.0
500.0
500.0
500.0
500.0
500.0
500.0
500.0
500.0
500.0
500.0
500.0
500.0
500.0
500.0
163.0
350.0
342.0
441.0
445.0
463.0
500.0
415.0
364.0
334.0
500.0
351.0
500.0
500.0
500.0
500.0
500.0
500.0
500.0
500.0
500.0
500.0
500.0
378.0
500.0
500.0
307.0
500.0
500.0
500.0
500.0
500.0
500.0
234.0
500.0
500.0
500.0
500.0
500.0
219.0
290.0
500.0
500.0
500.0
500.0
500.0
500.0
500.0
500.0
500.0
500.0
500.0
30.0
500.0
500.0
500.0
500.0
500.0
500.0
500.0
500.0
500.0
156.0
328.0
500.0
500.0
500.0
500.0
500.0
500.0
500.0
500.0
500.0
500.0
500.0
500.0
500.0
240.0
500.0
500.0
500.0
500.0
500.0
500.0
500.0
500.0
500.0
500.0
500.0
500.0
500.0
500.0
500.0
500.0
500.0
500.0
500.0
500.0
500.0
500.0
460.0
500.0
292.0
170.0
500.0
233.0
418.0
438.0
500.0
500.0
500.0
476.0
418.0
366.0
413.0
419.0
476.0
480.0
329.0
500.0
500.0
500.0
221.0
284.0
490.0
500.0
500.0
424.0
190.0
500.0
500.0
374.0
134.0
271.0
260.0
500.0
500.0
500.0
500.0
500.0
338.0
500.0
489.0
360.0
98.0
138.0
337.0
337.0
500.0
500.0
500.0
500.0
500.0
500.0
500.0
500.0
500.0
500.0
500.0
500.0
500.0
500.0
500.0
500.0
252.0
500.0
500.0
500.0
500.0
500.0
500.0
155.0
118.0
500.0
224.0
129.0
79.0
123.0
104.0
127.0
153.0
241.0
172.0
143.0
216.0
500.0
500.0
500.0
500.0
500.0
500.0
500.0
500.0
500.0
500.0
500.0
500.0
500.0
500.0
500.0
500.0
500.0
500.0
500.0
151.0
500.0
483.0
485.0
104.0
159.0
129.0
116.0
149.0
500.0
500.0
283.0
313.0
485.0
352.0
240.0
500.0
500.0
122.0
500.0
500.0
500.0
467.0
259.0
396.0
38.0
31.0
28.0
48.0
500.0
500.0
244.0
238.0
282.0
282.0
360.0
347.0
40.0
35.0
284.0
33.0
34.0
500.0
488.0
500.0
271.0
500.0
500.0
409.0
351.0
277.0
500.0
500.0
500.0
310.0
500.0
500.0
500.0
500.0
277.0
500.0
500.0
288.0
500.0
500.0
500.0
500.0
500.0
500.0
500.0
500.0
500.0
500.0
500.0
500.0
500.0
239.0
500.0
500.0
500.0
500.0
491.0
500.0
500.0
500.0
495.0
199.0
396.0
460.0
394.0
500.0
500.0
120.0
242.0
206.0
427.0
159.0
500.0
500.0
500.0
500.0
500.0
213.0
500.0
500.0
500.0
500.0
500.0
500.0
500.0
500.0
500.0
122.0
170.0
500.0
500.0
500.0
190.0
288.0
500.0
112.0
314.0
363.0
500.0
112.0
500.0
500.0
500.0
287.0
107.0
500.0
500.0
103.0
500.0
500.0
500.0
378.0
455.0
500.0
500.0
500.0
500.0
500.0
500.0
500.0
382.0
500.0
500.0
500.0
500.0
500.0
500.0
307.0
500.0
500.0
370.0
500.0
500.0
307.0
500.0
227.0
407.0
384.0
366.0
200.0
500.0
500.0
500.0
500.0
484.0
397.0
500.0
500.0
469.0
500.0
386.0
500.0
500.0
500.0
500.0
435.0
500.0
500.0
500.0
330.0
500.0
500.0
267.0
500.0
462.0
233.0
175.0
500.0
500.0
252.0
500.0
215.0
500.0
241.0
380.0
500.0
500.0
500.0
500.0
500.0
500.0
500.0
500.0
500.0
481.0
500.0
500.0
368.0
500.0
245.0
239.0
500.0
500.0
500.0
463.0
458.0
500.0
500.0
500.0
500.0
500.0
500.0
500.0
438.0
249.0
147.0
237.0
112.0
214.0
500.0
500.0
383.0
117.0
239.0
266.0
315.0
245.0
123.0
151.0
460.0
120.0
234.0
122.0
206.0
373.0
267.0
500.0
294.0
205.0
319.0
108.0
111.0
463.0
500.0
144.0
500.0
500.0
500.0
500.0
280.0
258.0
275.0
378.0
500.0
500.0
202.0
500.0
301.0
145.0
270.0
500.0
243.0
500.0
500.0
500.0
500.0
500.0
500.0
500.0
500.0
500.0
500.0
213.0
500.0
404.0
397.0
107.0
107.0
500.0
500.0
500.0
500.0
443.0
387.0
107.0
500.0
500.0
206.0
500.0
500.0
500.0
500.0
500.0
500.0
500.0
439.0
500.0
500.0
500.0
356.0
107.0
406.0
262.0
275.0
500.0
500.0
500.0
500.0
376.0
500.0
500.0
391.0
386.0
500.0
500.0
500.0
500.0
187.0
126.0
500.0
431.0
500.0
500.0
500.0
145.0
171.0
500.0
500.0
460.0
316.0
500.0
500.0
500.0
500.0
432.0
500.0
500.0
500.0
462.0
459.0
425.0
500.0
500.0
500.0
500.0
500.0
418.0
125.0
190.0
459.0
189.0
500.0
500.0
181.0
500.0
208.0
500.0
171.0
500.0
500.0
221.0
500.0
500.0
169.0
500.0
175.0
204.0
500.0
197.0
500.0
500.0
162.0
230.0
500.0
224.0
500.0
500.0
15.0
500.0
500.0
500.0
123.0
126.0
224.0
159.0
500.0
128.0
125.0
500.0
279.0
313.0
229.0
500.0
333.0
279.0
339.0
318.0
323.0
377.0
357.0
381.0
373.0
380.0
500.0
500.0
500.0
124.0
148.0
163.0
500.0
357.0
500.0
131.0
442.0
500.0
500.0
500.0
500.0
500.0
500.0
500.0
376.0
500.0
500.0
500.0
500.0
185.0
500.0
500.0
500.0
500.0
500.0
500.0
500.0
374.0
500.0
126.0
133.0
107.0
108.0
112.0
500.0
500.0
500.0
500.0
500.0
148.0
500.0
487.0
496.0
475.0
500.0
500.0
500.0
500.0
500.0
500.0
500.0
500.0
451.0
500.0
408.0
500.0
500.0
439.0
350.0
171.0
162.0
500.0
500.0
500.0
134.0
148.0
500.0
429.0
290.0
231.0
457.0
349.0
500.0
500.0
500.0
464.0
500.0
500.0
500.0
500.0
500.0
369.0
500.0
500.0
500.0
500.0
500.0
500.0
457.0
500.0
500.0
500.0
500.0
500.0
500.0
101.0
190.0
131.0
500.0
500.0
500.0
140.0
500.0
500.0
500.0
309.0
385.0
500.0
226.0
500.0
500.0
307.0
321.0
500.0
500.0
500.0
500.0
500.0
500.0
375.0
382.0
500.0
243.0
500.0
428.0
500.0
403.0
500.0
500.0
500.0
500.0
450.0
310.0
345.0
500.0
500.0
236.0
267.0
350.0
500.0
13.0
500.0
500.0
500.0
500.0
500.0
500.0
500.0
500.0
500.0
374.0
500.0
314.0
500.0
500.0
394.0
455.0
462.0
417.0
446.0
500.0
500.0
500.0
500.0
500.0
500.0
270.0
500.0
367.0
391.0
176.0
176.0
124.0
500.0
273.0
176.0
232.0
500.0
191.0
215.0
451.0
239.0
159.0
198.0
149.0
421.0
399.0
189.0
285.0
148.0
142.0
500.0
500.0
500.0
476.0
123.0
465.0
500.0
500.0
272.0
500.0
500.0
500.0
500.0
259.0
266.0
500.0
500.0
500.0
500.0
500.0
341.0
500.0
500.0
500.0
13.0
13.0
13.0
13.0
13.0
500.0
500.0
500.0
500.0
500.0
500.0
277.0
136.0
500.0
500.0
500.0
500.0
500.0
500.0
144.0
500.0
500.0
132.0
500.0
500.0
164.0
500.0
500.0
500.0
500.0
150.0
355.0
500.0
500.0
500.0
500.0
500.0
180.0
250.0
231.0
283.0
389.0
500.0
500.0
500.0
402.0
416.0
500.0
500.0
500.0
500.0
289.0
432.0
500.0
500.0
500.0
413.0
446.0
500.0
391.0
500.0
500.0
500.0
500.0
115.0
473.0
486.0
500.0
439.0
500.0
500.0
500.0
483.0
240.0
500.0
479.0
500.0
191.0
462.0
172.0
192.0
500.0
442.0
371.0
188.0
105.0
191.0
500.0
415.0
455.0
399.0
400.0
392.0
455.0
480.0
500.0
445.0
470.0
450.0
477.0
500.0
128.0
418.0
500.0
223.0
471.0
453.0
423.0
495.0
500.0
452.0
410.0
429.0
500.0
500.0
500.0
439.0
445.0
497.0
500.0
500.0
495.0
500.0
490.0
500.0
500.0
500.0
500.0
500.0
500.0
481.0
95.0
500.0
113.0
67.0
500.0
466.0
427.0
489.0
500.0
500.0
500.0
500.0
500.0
411.0
500.0
500.0
278.0
307.0
164.0
500.0
394.0
500.0
500.0
179.0
500.0
213.0
206.0
500.0
165.0
195.0
267.0
192.0
500.0
385.0
500.0
200.0
385.0
104.0
227.0
186.0
500.0
500.0
500.0
485.0
189.0
500.0
241.0
500.0
153.0
273.0
500.0
203.0
75.0
500.0
500.0
420.0
327.0
155.0
213.0
164.0
500.0
500.0
500.0
221.0
500.0
500.0
500.0
500.0
244.0
252.0
152.0
463.0
112.0
370.0
500.0
436.0
486.0
500.0
500.0
500.0
500.0
500.0
500.0
13.0
500.0
500.0
500.0
500.0
500.0
500.0
500.0
500.0
201.0
454.0
500.0
500.0
469.0
500.0
377.0
500.0
457.0
500.0
500.0
500.0
500.0
500.0
500.0
439.0
500.0
500.0
364.0
360.0
193.0
500.0
8.0
9.0
9.0
500.0
20.0
20.0
15.0
13.0
13.0
13.0
13.0
13.0
13.0
13.0
12.0
20.0
500.0
500.0
375.0
398.0
500.0
500.0
500.0
431.0
500.0
500.0
500.0
500.0
500.0
500.0
500.0
253.0
129.0
135.0
121.0
114.0
118.0
346.0
324.0
146.0
405.0
500.0
447.0
116.0
234.0
256.0
213.0
493.0
288.0
288.0
500.0
500.0
500.0
435.0
500.0
500.0
500.0
500.0
500.0
500.0
500.0
500.0
500.0
500.0
500.0
500.0
500.0
500.0
475.0
500.0
500.0
200.0
267.0
500.0
500.0
500.0
108.0
111.0
113.0
117.0
118.0
118.0
128.0
142.0
164.0
203.0
497.0
429.0
359.0
500.0
500.0
486.0
11.0
11.0
11.0
11.0
13.0
11.0
11.0
11.0
11.0
11.0
11.0
11.0
12.0
24.0
500.0
149.0
174.0
161.0
148.0
101.0
65.0
60.0
150.0
500.0
129.0
289.0
132.0
500.0
500.0
500.0
395.0
500.0
351.0
367.0
436.0
452.0
389.0
500.0
500.0
500.0
500.0
500.0
500.0
500.0
82.0
500.0
500.0
500.0
500.0
500.0
500.0
500.0
500.0
500.0
500.0
500.0
290.0
500.0
232.0
500.0
500.0
500.0
500.0
500.0
500.0
500.0
500.0
500.0
500.0
284.0
500.0
500.0
500.0
122.0
122.0
116.0
500.0
17.0
30.0
500.0
279.0
220.0
269.0
500.0
500.0
500.0
500.0
500.0
500.0
165.0
500.0
500.0
500.0
65.0
500.0
120.0
500.0
500.0
500.0
500.0
500.0
500.0
500.0
500.0
500.0
500.0
500.0
500.0
500.0
500.0
500.0
500.0
500.0
500.0
500.0
500.0
500.0
500.0
500.0
500.0
354.0
500.0
500.0
500.0
500.0
500.0
500.0
500.0
195.0
500.0
500.0
500.0
160.0
500.0
168.0
247.0
181.0
134.0
145.0
121.0
123.0
122.0
124.0
132.0
117.0
126.0
118.0
153.0
216.0
200.0
120.0
108.0
236.0
249.0
180.0
351.0
372.0
290.0
329.0
500.0
316.0
500.0
500.0
489.0
286.0
253.0
500.0
500.0
457.0
482.0
416.0
500.0
474.0
500.0
500.0
500.0
500.0
500.0
500.0
209.0
206.0
165.0
500.0
244.0
500.0
500.0
500.0
500.0
500.0
283.0
500.0
192.0
257.0
130.0
500.0
498.0
415.0
386.0
202.0
500.0
339.0
500.0
220.0
333.0
500.0
311.0
134.0
500.0
187.0
112.0
500.0
500.0
500.0
500.0
500.0
256.0
119.0
106.0
104.0
101.0
103.0
107.0
117.0
364.0
500.0
500.0
411.0
500.0
500.0
482.0
500.0
500.0
500.0
315.0
500.0
299.0
500.0
500.0
500.0
500.0
500.0
409.0
443.0
500.0
412.0
163.0
458.0
410.0
188.0
178.0
370.0
161.0
306.0
177.0
138.0
176.0
221.0
331.0
343.0
201.0
220.0
286.0
148.0
189.0
208.0
234.0
232.0
209.0
145.0
162.0
219.0
149.0
234.0
182.0
170.0
232.0
182.0
312.0
498.0
282.0
259.0
236.0
205.0
228.0
253.0
212.0
500.0
313.0
251.0
207.0
178.0
83.0
353.0
318.0
100.0
181.0
248.0
241.0
500.0
321.0
348.0
279.0
500.0
278.0
280.0
390.0
284.0
281.0
284.0
222.0
338.0
278.0
279.0
374.0
273.0
285.0
351.0
271.0
12.0
345.0
330.0
468.0
500.0
40.0
356.0
255.0
193.0
295.0
216.0
312.0
500.0
500.0
500.0
463.0
500.0
380.0
500.0
465.0
500.0
500.0
500.0
500.0
500.0
455.0
500.0
500.0
467.0
500.0
500.0
335.0
334.0
500.0
440.0
297.0
500.0
500.0
277.0
37.0
409.0
431.0
494.0
500.0
454.0
380.0
210.0
500.0
500.0
500.0
500.0
500.0
496.0
500.0
500.0
500.0
328.0
500.0
500.0
429.0
500.0
500.0
500.0
500.0
273.0
212.0
500.0
315.0
500.0
500.0
500.0
500.0
500.0
143.0
122.0
61.0
500.0
500.0
500.0
500.0
500.0
500.0
500.0
500.0
500.0
500.0
500.0
500.0
500.0
500.0
500.0
500.0
500.0
500.0
81.0
500.0
500.0
500.0
500.0
500.0
388.0
261.0
500.0
317.0
101.0
387.0
500.0
500.0
131.0
369.0
500.0
500.0
395.0
164.0
296.0
143.0
263.0
443.0
500.0
500.0
179.0
500.0
500.0
500.0
500.0
500.0
500.0
500.0
174.0
208.0
174.0
473.0
500.0
482.0
500.0
500.0
192.0
97.0
148.0
441.0
253.0
98.0
24.0
124.0
150.0
169.0
329.0
500.0
202.0
500.0
500.0
500.0
500.0
500.0
500.0
500.0
500.0
500.0
500.0
500.0
500.0
500.0
500.0
500.0
253.0
500.0
500.0
500.0
500.0
451.0
500.0
500.0
500.0
500.0
500.0
181.0
500.0
500.0
500.0
500.0
500.0
500.0
351.0
208.0
294.0
500.0
500.0
500.0
500.0
500.0
500.0
500.0
500.0
500.0
117.0
500.0
442.0
87.0
500.0
187.0
196.0
500.0
500.0
282.0
500.0
136.0
43.0
337.0
124.0
292.0
185.0
419.0
243.0
500.0
500.0
478.0
500.0
500.0
500.0
500.0
500.0
154.0
500.0
500.0
500.0
500.0
500.0
500.0
130.0
500.0
500.0
500.0
136.0
500.0
500.0
500.0
500.0
500.0
500.0
450.0
500.0
500.0
500.0
500.0
236.0
500.0
500.0
500.0
500.0
500.0
500.0
500.0
500.0
500.0
500.0
500.0
500.0
500.0
500.0
500.0
500.0
109.0
500.0
500.0
126.0
311.0
110.0
107.0
104.0
109.0
112.0
125.0
101.0
419.0
137.0
424.0
390.0
155.0
191.0
500.0
342.0
116.0
155.0
150.0
128.0
293.0
284.0
230.0
147.0
500.0
99.0
500.0
282.0
500.0
500.0
500.0
419.0
393.0
500.0
231.0
224.0
309.0
245.0
500.0
500.0
253.0
265.0
254.0
500.0
500.0
259.0
500.0
500.0
500.0
263.0
500.0
500.0
500.0
420.0
500.0
500.0
284.0
166.0
500.0
500.0
136.0
319.0
500.0
500.0
500.0
500.0
352.0
460.0
478.0
415.0
500.0
241.0
500.0
500.0
500.0
500.0
22.0
500.0
500.0
500.0
500.0
500.0
500.0
18.0
500.0
500.0
500.0
500.0
500.0
500.0
500.0
500.0
500.0
500.0
157.0
500.0
500.0
500.0
102.0
500.0
500.0
500.0
500.0
500.0
500.0
500.0
500.0
199.0
212.0
300.0
217.0
150.0
371.0
425.0
154.0
460.0
355.0
480.0
480.0
151.0
420.0
451.0
323.0
500.0
340.0
497.0
500.0
500.0
500.0
500.0
500.0
500.0
500.0
500.0
500.0
245.0
500.0
500.0
391.0
132.0
500.0
500.0
500.0
500.0
374.0
500.0
500.0
87.0
13.0
500.0
500.0
500.0
446.0
460.0
465.0
364.0
126.0
112.0
124.0
121.0
385.0
162.0
159.0
199.0
113.0
138.0
125.0
182.0
126.0
164.0
250.0
275.0
352.0
268.0
352.0
500.0
431.0
500.0
366.0
319.0
500.0
423.0
500.0
487.0
454.0
500.0
500.0
500.0
500.0
435.0
466.0
378.0
500.0
182.0
500.0
500.0
274.0
452.0
500.0
317.0
267.0
191.0
500.0
500.0
500.0
500.0
179.0
307.0
500.0
500.0
500.0
500.0
500.0
500.0
500.0
500.0
494.0
500.0
500.0
326.0
500.0
493.0
409.0
500.0
500.0
500.0
422.0
500.0
500.0
500.0
500.0
500.0
495.0
500.0
229.0
500.0
500.0
500.0
500.0
500.0
500.0
500.0
500.0
339.0
286.0
500.0
500.0
500.0
285.0
183.0
389.0
358.0
485.0
498.0
500.0
314.0
336.0
225.0
500.0
237.0
442.0
416.0
297.0
451.0
308.0
174.0
500.0
500.0
142.0
139.0
130.0
209.0
386.0
142.0
203.0
453.0
500.0
420.0
500.0
500.0
500.0
500.0
353.0
500.0
500.0
500.0
426.0
500.0
500.0
353.0
500.0
500.0
500.0
500.0
500.0
500.0
346.0
500.0
500.0
500.0
500.0
500.0
500.0
500.0
346.0
500.0
500.0
500.0
500.0
500.0
500.0
313.0
500.0
500.0
500.0
500.0
500.0
482.0
500.0
500.0
500.0
500.0
500.0
500.0
500.0
500.0
500.0
500.0
500.0
197.0
500.0
387.0
197.0
311.0
500.0
500.0
500.0
216.0
500.0
500.0
303.0
500.0
218.0
141.0
378.0
500.0
500.0
500.0
500.0
453.0
500.0
377.0
353.0
373.0
500.0
500.0
500.0
500.0
500.0
500.0
500.0
500.0
245.0
344.0
500.0
377.0
50.0
259.0
119.0
111.0
500.0
427.0
107.0
139.0
97.0
103.0
315.0
108.0
114.0
498.0
500.0
500.0
500.0
500.0
500.0
500.0
500.0
500.0
500.0
500.0
312.0
500.0
500.0
500.0
286.0
500.0
319.0
416.0
500.0
182.0
500.0
365.0
500.0
500.0
331.0
500.0
500.0
96.0
500.0
500.0
500.0
500.0
500.0
500.0
215.0
500.0
419.0
456.0
500.0
500.0
339.0
235.0
190.0
377.0
168.0
206.0
500.0
296.0
230.0
315.0
500.0
451.0
500.0
500.0
500.0
208.0
274.0
500.0
353.0
169.0
500.0
500.0
482.0
107.0
500.0
500.0
281.0
233.0
441.0
490.0
309.0
180.0
132.0
139.0
153.0
463.0
377.0
217.0
500.0
457.0
397.0
500.0
490.0
500.0
500.0
452.0
271.0
500.0
337.0
500.0
500.0
500.0
500.0
500.0
500.0
457.0
383.0
433.0
481.0
371.0
142.0
353.0
330.0
500.0
353.0
169.0
196.0
319.0
500.0
438.0
500.0
427.0
500.0
500.0
500.0
377.0
500.0
390.0
500.0
390.0
500.0
500.0
500.0
222.0
500.0
484.0
500.0
13.0
500.0
500.0
434.0
500.0
500.0
500.0
500.0
500.0
500.0
500.0
368.0
414.0
350.0
500.0
500.0
500.0
496.0
310.0
500.0
461.0
500.0
500.0
500.0
500.0
438.0
500.0
500.0
448.0
500.0
259.0
413.0
500.0
500.0
500.0
448.0
225.0
500.0
334.0
500.0
500.0
118.0
500.0
500.0
500.0
500.0
500.0
280.0
430.0
118.0
500.0
500.0
500.0
500.0
500.0
183.0
317.0
500.0
500.0
454.0
478.0
389.0
183.0
500.0
427.0
491.0
452.0
347.0
214.0
500.0
315.0
315.0
500.0
311.0
500.0
420.0
37.0
478.0
486.0
162.0
500.0
162.0
105.0
175.0
94.0
90.0
97.0
119.0
500.0
500.0
112.0
12.0
105.0
455.0
252.0
99.0
121.0
139.0
118.0
116.0
114.0
382.0
278.0
158.0
500.0
500.0
491.0
500.0
500.0
147.0
500.0
402.0
257.0
356.0
500.0
500.0
175.0
137.0
419.0
319.0
500.0
145.0
500.0
500.0
145.0
430.0
378.0
500.0
130.0
500.0
228.0
500.0
500.0
500.0
500.0
500.0
500.0
500.0
500.0
500.0
217.0
273.0
99.0
193.0
123.0
228.0
194.0
500.0
233.0
500.0
424.0
77.0
176.0
278.0
500.0
500.0
500.0
500.0
500.0
500.0
177.0
193.0
500.0
374.0
291.0
237.0
500.0
500.0
500.0
218.0
500.0
500.0
500.0
500.0
500.0
500.0
500.0
500.0
151.0
500.0
500.0
500.0
500.0
131.0
500.0
500.0
500.0
500.0
379.0
500.0
500.0
500.0
500.0
476.0
500.0
500.0
147.0
500.0
500.0
500.0
500.0
500.0
500.0
500.0
500.0
500.0
500.0
500.0
500.0
232.0
302.0
173.0
213.0
174.0
122.0
111.0
171.0
107.0
96.0
130.0
294.0
500.0
500.0
308.0
500.0
500.0
185.0
500.0
376.0
500.0
500.0
132.0
113.0
444.0
128.0
500.0
500.0
500.0
500.0
500.0
95.0
500.0
500.0
500.0
175.0
239.0
106.0
500.0
500.0
55.0
500.0
200.0
500.0
500.0
500.0
500.0
500.0
500.0
500.0
146.0
24.0
22.0
500.0
86.0
500.0
24.0
22.0
22.0
500.0
412.0
500.0
500.0
500.0
500.0
339.0
500.0
500.0
500.0
500.0
284.0
135.0
500.0
285.0
500.0
362.0
500.0
500.0
254.0
405.0
500.0
300.0
500.0
131.0
500.0
323.0
500.0
500.0
500.0
405.0
115.0
500.0
500.0
500.0
500.0
500.0
500.0
500.0
500.0
500.0
500.0
226.0
500.0
500.0
137.0
500.0
500.0
500.0
500.0
500.0
500.0
500.0
500.0
264.0
117.0
108.0
500.0
253.0
299.0
500.0
169.0
357.0
198.0
500.0
415.0
419.0
500.0
500.0
500.0
500.0
216.0
500.0
27.0
500.0
500.0
183.0
478.0
128.0
157.0
194.0
179.0
231.0
298.0
500.0
314.0
500.0
500.0
500.0
500.0
500.0
500.0
260.0
499.0
500.0
500.0
500.0
500.0
500.0
500.0
500.0
500.0
500.0
500.0
500.0
500.0
463.0
500.0
500.0
500.0
500.0
500.0
472.0
500.0
500.0
500.0
500.0
500.0
500.0
476.0
500.0
500.0
310.0
265.0
500.0
500.0
500.0
500.0
500.0
410.0
468.0
285.0
500.0
496.0
500.0
206.0
477.0
139.0
500.0
223.0
430.0
500.0
500.0
500.0
500.0
413.0
172.0
500.0
500.0
500.0
500.0
500.0
500.0
500.0
500.0
500.0
500.0
500.0
500.0
500.0
484.0
500.0
500.0
500.0
288.0
137.0
139.0
500.0
500.0
446.0
500.0
500.0
500.0
500.0
347.0
304.0
163.0
500.0
500.0
500.0
500.0
144.0
500.0
500.0
334.0
500.0
301.0
254.0
273.0
500.0
500.0
285.0
500.0
273.0
500.0
372.0
304.0
500.0
500.0
500.0
245.0
500.0
500.0
500.0
500.0
162.0
500.0
500.0
500.0
500.0
500.0
500.0
500.0
314.0
500.0
125.0
500.0
500.0
298.0
373.0
225.0
309.0
289.0
133.0
500.0
192.0
170.0
260.0
313.0
281.0
285.0
351.0
249.0
276.0
372.0
68.0
321.0
272.0
304.0
272.0
263.0
230.0
315.0
339.0
297.0
500.0
324.0
322.0
303.0
500.0
172.0
77.0
303.0
309.0
500.0
500.0
500.0
500.0
433.0
500.0
500.0
500.0
500.0
454.0
500.0
500.0
500.0
500.0
500.0
500.0
500.0
500.0
500.0
500.0
500.0
500.0
500.0
266.0
500.0
500.0
500.0
500.0
500.0
500.0
500.0
500.0
303.0
500.0
184.0
264.0
500.0
263.0
500.0
500.0
348.0
500.0
500.0
196.0
500.0
500.0
500.0
500.0
500.0
500.0
500.0
500.0
500.0
500.0
115.0
129.0
500.0
500.0
500.0
500.0
500.0
257.0
276.0
500.0
338.0
275.0
500.0
500.0
500.0
500.0
500.0
500.0
500.0
500.0
500.0
500.0
500.0
319.0
285.0
500.0
257.0
32.0
136.0
500.0
500.0
500.0
500.0
306.0
500.0
500.0
500.0
500.0
500.0
500.0
500.0
500.0
378.0
500.0
500.0
500.0
500.0
500.0
500.0
500.0
500.0
500.0
114.0
500.0
500.0
500.0
500.0
500.0
500.0
500.0
500.0
500.0
500.0
146.0
500.0
500.0
492.0
500.0
500.0
500.0
500.0
500.0
500.0
387.0
500.0
500.0
391.0
500.0
500.0
500.0
500.0
500.0
500.0
262.0
500.0
500.0
500.0
316.0
207.0
238.0
225.0
270.0
144.0
266.0
353.0
145.0
172.0
430.0
186.0
500.0
146.0
129.0
253.0
196.0
500.0
500.0
457.0
118.0
109.0
500.0
360.0
301.0
161.0
500.0
113.0
203.0
302.0
263.0
500.0
210.0
500.0
500.0
329.0
407.0
500.0
472.0
442.0
235.0
204.0
288.0
209.0
334.0
461.0
390.0
160.0
292.0
500.0
500.0
198.0
500.0
500.0
337.0
279.0
313.0
491.0
234.0
212.0
289.0
259.0
248.0
313.0
350.0
258.0
246.0
121.0
257.0
252.0
311.0
487.0
341.0
404.0
116.0
319.0
500.0
268.0
284.0
308.0
330.0
500.0
305.0
500.0
428.0
500.0
500.0
379.0
500.0
500.0
500.0
500.0
500.0
500.0
500.0
500.0
500.0
500.0
500.0
92.0
500.0
315.0
500.0
91.0
466.0
500.0
500.0
500.0
315.0
500.0
500.0
500.0
500.0
500.0
500.0
500.0
500.0
391.0
500.0
340.0
500.0
500.0
500.0
500.0
500.0
500.0
500.0
500.0
500.0
500.0
500.0
500.0
500.0
336.0
500.0
500.0
500.0
393.0
500.0
500.0
500.0
500.0
500.0
500.0
367.0
500.0
500.0
500.0
469.0
481.0
389.0
83.0
253.0
323.0
210.0
500.0
275.0
500.0
194.0
378.0
500.0
500.0
500.0
500.0
287.0
21.0
198.0
266.0
499.0
500.0
464.0
500.0
500.0
394.0
500.0
500.0
500.0
500.0
500.0
500.0
500.0
500.0
500.0
500.0
500.0
500.0
500.0
500.0
500.0
500.0
500.0
500.0
500.0
500.0
500.0
500.0
500.0
500.0
500.0
359.0
304.0
500.0
500.0
500.0
500.0
500.0
500.0
374.0
491.0
500.0
500.0
500.0
500.0
500.0
500.0
500.0
500.0
500.0
500.0
500.0
500.0
182.0
500.0
500.0
500.0
173.0
484.0
117.0
114.0
115.0
103.0
104.0
105.0
102.0
107.0
109.0
110.0
110.0
114.0
113.0
116.0
141.0
158.0
500.0
500.0
500.0
500.0
500.0
500.0
500.0
487.0
500.0
296.0
370.0
500.0
500.0
500.0
308.0
500.0
500.0
362.0
500.0
500.0
500.0
500.0
500.0
500.0
231.0
500.0
500.0
500.0
500.0
39.0
500.0
500.0
500.0
500.0
200.0
500.0
270.0
480.0
380.0
485.0
323.0
351.0
465.0
473.0
456.0
500.0
500.0
500.0
493.0
500.0
500.0
500.0
403.0
340.0
344.0
497.0
215.0
304.0
500.0
500.0
500.0
500.0
500.0
500.0
500.0
79.0
51.0
444.0
107.0
500.0
265.0
500.0
500.0
500.0
500.0
500.0
500.0
500.0
500.0
500.0
250.0
500.0
500.0
500.0
500.0
500.0
500.0
500.0
500.0
500.0
500.0
500.0
500.0
500.0
500.0
500.0
500.0
500.0
500.0
500.0
500.0
500.0
500.0
500.0
500.0
500.0
500.0
500.0
284.0
500.0
500.0
500.0
500.0
500.0
317.0
500.0
428.0
176.0
500.0
500.0
500.0
500.0
500.0
500.0
500.0
500.0
121.0
500.0
99.0
500.0
500.0
500.0
272.0
500.0
500.0
500.0
500.0
500.0
500.0
500.0
317.0
13.0
278.0
500.0
500.0
500.0
500.0
500.0
500.0
500.0
500.0
500.0
135.0
500.0
500.0
500.0
500.0
272.0
103.0
115.0
500.0
500.0
500.0
500.0
361.0
500.0
500.0
336.0
319.0
500.0
295.0
496.0
500.0
472.0
73.0
500.0
500.0
434.0
500.0
500.0
500.0
500.0
484.0
368.0
500.0
500.0
500.0
500.0
500.0
500.0
92.0
500.0
500.0
500.0
500.0
500.0
500.0
500.0
397.0
500.0
108.0
494.0
46.0
35.0
500.0
110.0
500.0
500.0
500.0
500.0
500.0
500.0
473.0
500.0
500.0
500.0
500.0
500.0
500.0
500.0
500.0
500.0
500.0
500.0
500.0
500.0
500.0
500.0
500.0
500.0
265.0
460.0
500.0
500.0
500.0
500.0
167.0
144.0
500.0
500.0
121.0
221.0
101.0
111.0
500.0
500.0
151.0
500.0
500.0
500.0
500.0
500.0
500.0
500.0
500.0
500.0
461.0
500.0
500.0
500.0
500.0
500.0
500.0
93.0
500.0
500.0
500.0
285.0
500.0
364.0
500.0
500.0
500.0
500.0
351.0
500.0
485.0
500.0
500.0
500.0
500.0
312.0
500.0
500.0
500.0
500.0
500.0
500.0
500.0
500.0
500.0
351.0
271.0
452.0
500.0
500.0
500.0
500.0
500.0
500.0
449.0
500.0
500.0
500.0
500.0
305.0
500.0
500.0
500.0
500.0
500.0
500.0
59.0
500.0
500.0
500.0
500.0
500.0
500.0
500.0
500.0
500.0
500.0
500.0
500.0
500.0
500.0
500.0
500.0
500.0
500.0
500.0
500.0
500.0
500.0
500.0
500.0
102.0
500.0
500.0
132.0
114.0
114.0
135.0
178.0
14.0
142.0
500.0
160.0
175.0
500.0
500.0
500.0
500.0
500.0
500.0
500.0
500.0
500.0
500.0
500.0
500.0
500.0
500.0
500.0
416.0
500.0
500.0
486.0
500.0
500.0
500.0
500.0
500.0
500.0
500.0
226.0
500.0
337.0
449.0
500.0
500.0
500.0
500.0
500.0
500.0
500.0
500.0
500.0
500.0
500.0
500.0
500.0
500.0
500.0
500.0
500.0
500.0
500.0
500.0
500.0
500.0
500.0
500.0
431.0
500.0
76.0
104.0
39.0
42.0
500.0
344.0
500.0
425.0
105.0
500.0
500.0
477.0
500.0
500.0
500.0
500.0
500.0
313.0
500.0
500.0
500.0
500.0
328.0
500.0
500.0
500.0
500.0
500.0
500.0
500.0
500.0
500.0
118.0
500.0
500.0
500.0
500.0
500.0
500.0
500.0
500.0
500.0
500.0
500.0
500.0
500.0
500.0
500.0
500.0
500.0
500.0
500.0
439.0
500.0
500.0
500.0
364.0
500.0
500.0
500.0
500.0
500.0
500.0
78.0
355.0
500.0
500.0
500.0
500.0
394.0
500.0
354.0
414.0
379.0
500.0
500.0
304.0
278.0
23.0
199.0
22.0
30.0
500.0
500.0
500.0
500.0
500.0
500.0
433.0
500.0
500.0
500.0
500.0
500.0
500.0
500.0
500.0
500.0
500.0
500.0
500.0
500.0
500.0
500.0
500.0
500.0
500.0
500.0
500.0
26.0
500.0
500.0
64.0
25.0
147.0
500.0
500.0
500.0
500.0
500.0
500.0
500.0
500.0
500.0
500.0
500.0
500.0
500.0
500.0
500.0
500.0
500.0
500.0
500.0
500.0
500.0
124.0
500.0
500.0
194.0
500.0
331.0
465.0
202.0
328.0
356.0
500.0
500.0
252.0
17.0
280.0
500.0
500.0
500.0
500.0
500.0
500.0
500.0
500.0
500.0
500.0
322.0
500.0
500.0
31.0
500.0
500.0
500.0
216.0
500.0
500.0
500.0
500.0
500.0
500.0
500.0
500.0
500.0
500.0
500.0
500.0
500.0
500.0
480.0
500.0
500.0
500.0
500.0
500.0
500.0
500.0
500.0
500.0
500.0
274.0
202.0
500.0
500.0
500.0
500.0
500.0
500.0
500.0
164.0
500.0
500.0
500.0
153.0
500.0
500.0
500.0
500.0
500.0
500.0
500.0
500.0
500.0
500.0
500.0
500.0
500.0
500.0
500.0
500.0
500.0
500.0
500.0
155.0
500.0
500.0
500.0
500.0
172.0
500.0
308.0
500.0
312.0
500.0
500.0
500.0
371.0
500.0
500.0
500.0
500.0
500.0
500.0
500.0
500.0
500.0
500.0
500.0
500.0
500.0
500.0
500.0
500.0
500.0
500.0
500.0
500.0
500.0
500.0
500.0
500.0
500.0
286.0
83.0
311.0
500.0
84.0
500.0
500.0
500.0
322.0
500.0
500.0
500.0
500.0
500.0
500.0
500.0
500.0
500.0
500.0
500.0
500.0
500.0
500.0
500.0
500.0
500.0
500.0
500.0
500.0
500.0
200.0
500.0
278.0
500.0
238.0
331.0
500.0
500.0
379.0
187.0
500.0
500.0
500.0
252.0
500.0
500.0
206.0
262.0
500.0
429.0
256.0
170.0
372.0
500.0
500.0
500.0
500.0
500.0
500.0
500.0
500.0
500.0
500.0
500.0
500.0
500.0
109.0
500.0
500.0
500.0
500.0
500.0
240.0
500.0
500.0
500.0
500.0
500.0
500.0
500.0
500.0
500.0
500.0
500.0
415.0
500.0
500.0
500.0
500.0
166.0
227.0
500.0
15.0
104.0
168.0
186.0
196.0
500.0
500.0
500.0
500.0
500.0
500.0
500.0
500.0
500.0
451.0
500.0
500.0
429.0
471.0
500.0
500.0
369.0
330.0
431.0
362.0
293.0
47.0
269.0
417.0
216.0
196.0
178.0
195.0
411.0
324.0
303.0
297.0
314.0
310.0
400.0
386.0
328.0
368.0
398.0
359.0
411.0
443.0
392.0
484.0
426.0
467.0
500.0
500.0
500.0
500.0
500.0
146.0
500.0
500.0
158.0
122.0
136.0
129.0
117.0
140.0
148.0
117.0
107.0
131.0
118.0
118.0
500.0
500.0
182.0
500.0
175.0
500.0
500.0
162.0
191.0
157.0
500.0
500.0
500.0
156.0
500.0
500.0
500.0
202.0
490.0
228.0
225.0
495.0
444.0
500.0
225.0
233.0
353.0
465.0
182.0
443.0
500.0
500.0
500.0
500.0
324.0
500.0
500.0
500.0
500.0
250.0
500.0
287.0
500.0
318.0
500.0
500.0
500.0
500.0
500.0
280.0
455.0
225.0
227.0
303.0
291.0
210.0
258.0
361.0
199.0
251.0
263.0
346.0
300.0
500.0
500.0
381.0
500.0
500.0
500.0
500.0
476.0
493.0
271.0
500.0
500.0
500.0
105.0
500.0
500.0
500.0
500.0
500.0
461.0
365.0
469.0
500.0
500.0
355.0
500.0
299.0
344.0
354.0
458.0
500.0
500.0
489.0
500.0
500.0
491.0
483.0
500.0
500.0
500.0
500.0
500.0
305.0
500.0
500.0
500.0
304.0
273.0
414.0
212.0
234.0
263.0
448.0
500.0
500.0
500.0
500.0
150.0
500.0
500.0
500.0
500.0
500.0
500.0
500.0
500.0
500.0
500.0
500.0
500.0
500.0
500.0
500.0
500.0
500.0
500.0
500.0
500.0
144.0
500.0
37.0
500.0
500.0
458.0
500.0
291.0
500.0
338.0
379.0
343.0
485.0
400.0
500.0
500.0
500.0
500.0
500.0
500.0
500.0
500.0
500.0
500.0
500.0
500.0
500.0
445.0
452.0
500.0
403.0
500.0
334.0
500.0
500.0
500.0
500.0
199.0
500.0
391.0
500.0
500.0
155.0
500.0
500.0
500.0
500.0
122.0
500.0
98.0
500.0
491.0
500.0
500.0
500.0
64.0
500.0
500.0
464.0
500.0
500.0
500.0
500.0
500.0
500.0
500.0
416.0
500.0
500.0
350.0
244.0
453.0
500.0
500.0
500.0
500.0
500.0
500.0
500.0
500.0
500.0
500.0
500.0
500.0
500.0
500.0
500.0
500.0
500.0
220.0
500.0
500.0
352.0
500.0
500.0
431.0
165.0
131.0
500.0
100.0
500.0
128.0
200.0
185.0
174.0
165.0
194.0
35.0
185.0
214.0
465.0
279.0
291.0
444.0
500.0
500.0
500.0
500.0
500.0
500.0
261.0
500.0
500.0
500.0
500.0
500.0
400.0
354.0
95.0
500.0
500.0
336.0
500.0
500.0
500.0
500.0
500.0
500.0
500.0
463.0
500.0
500.0
500.0
424.0
80.0
500.0
500.0
394.0
500.0
337.0
500.0
500.0
500.0
366.0
500.0
500.0
500.0
500.0
500.0
500.0
500.0
165.0
230.0
500.0
393.0
9.0
13.0
9.0
9.0
11.0
9.0
9.0
24.0
9.0
10.0
10.0
9.0
10.0
10.0
11.0
109.0
69.0
192.0
112.0
133.0
91.0
126.0
124.0
113.0
116.0
151.0
319.0
199.0
191.0
301.0
222.0
440.0
500.0
232.0
355.0
500.0
179.0
471.0
500.0
500.0
375.0
500.0
500.0
500.0
500.0
500.0
500.0
500.0
500.0
382.0
389.0
500.0
500.0
500.0
500.0
291.0
500.0
254.0
500.0
235.0
500.0
375.0
162.0
491.0
184.0
459.0
274.0
208.0
220.0
290.0
412.0
131.0
481.0
500.0
500.0
500.0
145.0
500.0
500.0
500.0
500.0
500.0
500.0
500.0
500.0
227.0
500.0
330.0
320.0
500.0
500.0
473.0
467.0
493.0
500.0
500.0
500.0
500.0
476.0
500.0
500.0
299.0
413.0
500.0
500.0
392.0
219.0
500.0
414.0
311.0
172.0
164.0
500.0
326.0
314.0
352.0
411.0
500.0
500.0
500.0
500.0
500.0
500.0
500.0
500.0
500.0
500.0
500.0
136.0
363.0
500.0
148.0
308.0
500.0
433.0
500.0
500.0
500.0
500.0
500.0
318.0
308.0
410.0
500.0
500.0
500.0
500.0
500.0
500.0
500.0
500.0
495.0
259.0
500.0
500.0
243.0
500.0
283.0
225.0
285.0
311.0
237.0
309.0
268.0
268.0
200.0
284.0
250.0
500.0
181.0
221.0
237.0
500.0
224.0
318.0
295.0
298.0
265.0
132.0
321.0
500.0
252.0
433.0
326.0
275.0
211.0
281.0
408.0
500.0
273.0
274.0
269.0
273.0
301.0
228.0
263.0
263.0
231.0
318.0
260.0
341.0
376.0
330.0
402.0
62.0
401.0
500.0
500.0
432.0
500.0
500.0
500.0
291.0
234.0
500.0
500.0
500.0
434.0
500.0
337.0
500.0
500.0
500.0
500.0
500.0
266.0
237.0
478.0
218.0
258.0
258.0
500.0
500.0
463.0
275.0
500.0
500.0
500.0
340.0
500.0
500.0
500.0
500.0
500.0
500.0
500.0
500.0
500.0
500.0
500.0
500.0
55.0
500.0
36.0
500.0
286.0
53.0
500.0
302.0
500.0
53.0
500.0
500.0
500.0
415.0
500.0
150.0
100.0
500.0
500.0
500.0
500.0
500.0
464.0
500.0
314.0
296.0
266.0
500.0
500.0
421.0
231.0
500.0
250.0
477.0
306.0
385.0
500.0
500.0
500.0
500.0
280.0
500.0
267.0
500.0
428.0
192.0
500.0
61.0
500.0
500.0
500.0
500.0
500.0
500.0
500.0
500.0
490.0
500.0
500.0
500.0
500.0
500.0
500.0
500.0
500.0
500.0
500.0
500.0
500.0
500.0
500.0
500.0
500.0
500.0
272.0
500.0
500.0
500.0
500.0
500.0
381.0
500.0
500.0
500.0
500.0
435.0
376.0
194.0
57.0
145.0
81.0
34.0
65.0
95.0
100.0
103.0
112.0
114.0
112.0
99.0
102.0
101.0
109.0
113.0
113.0
107.0
117.0
270.0
98.0
24.0
46.0
136.0
297.0
122.0
292.0
295.0
168.0
307.0
328.0
284.0
311.0
204.0
216.0
190.0
198.0
210.0
283.0
280.0
272.0
284.0
215.0
296.0
220.0
206.0
353.0
302.0
218.0
307.0
248.0
352.0
233.0
286.0
298.0
500.0
467.0
266.0
267.0
500.0
363.0
239.0
183.0
500.0
500.0
500.0
500.0
284.0
500.0
500.0
497.0
500.0
500.0
500.0
500.0
500.0
500.0
500.0
500.0
500.0
372.0
500.0
40.0
500.0
500.0
500.0
500.0
500.0
500.0
500.0
500.0
500.0
500.0
500.0
500.0
500.0
352.0
500.0
500.0
346.0
58.0
500.0
500.0
500.0
500.0
500.0
500.0
500.0
439.0
500.0
500.0
500.0
500.0
500.0
500.0
500.0
500.0
430.0
500.0
500.0
500.0
500.0
500.0
228.0
246.0
462.0
294.0
500.0
500.0
275.0
500.0
225.0
500.0
500.0
500.0
500.0
500.0
500.0
500.0
500.0
500.0
500.0
350.0
362.0
395.0
500.0
443.0
500.0
437.0
500.0
500.0
500.0
134.0
500.0
205.0
475.0
314.0
52.0
270.0
358.0
195.0
106.0
231.0
107.0
500.0
500.0
500.0
500.0
500.0
369.0
75.0
93.0
94.0
500.0
500.0
500.0
500.0
500.0
500.0
500.0
500.0
500.0
500.0
500.0
140.0
500.0
500.0
500.0
500.0
500.0
500.0
500.0
500.0
500.0
500.0
500.0
500.0
500.0
500.0
500.0
500.0
500.0
500.0
500.0
500.0
500.0
500.0
500.0
500.0
500.0
47.0
500.0
500.0
367.0
48.0
103.0
404.0
500.0
500.0
500.0
500.0
8.0
8.0
8.0
8.0
8.0
8.0
8.0
8.0
8.0
500.0
500.0
500.0
100.0
500.0
500.0
425.0
142.0
137.0
85.0
37.0
39.0
40.0
43.0
41.0
45.0
46.0
51.0
51.0
45.0
51.0
52.0
54.0
55.0
59.0
25.0
25.0
71.0
27.0
76.0
78.0
95.0
101.0
97.0
30.0
107.0
31.0
106.0
107.0
112.0
110.0
111.0
116.0
115.0
125.0
46.0
125.0
46.0
46.0
47.0
48.0
59.0
54.0
45.0
54.0
56.0
140.0
63.0
60.0
67.0
74.0
138.0
133.0
135.0
133.0
133.0
13.0
13.0
13.0
13.0
13.0
13.0
13.0
13.0
13.0
11.0
13.0
136.0
152.0
158.0
155.0
164.0
164.0
176.0
180.0
162.0
193.0
162.0
170.0
173.0
169.0
166.0
172.0
165.0
152.0
163.0
150.0
159.0
151.0
152.0
163.0
184.0
181.0
186.0
202.0
193.0
252.0
282.0
189.0
274.0
213.0
195.0
183.0
211.0
181.0
159.0
166.0
211.0
231.0
198.0
309.0
402.0
433.0
500.0
121.0
112.0
117.0
111.0
65.0
117.0
121.0
120.0
122.0
127.0
124.0
129.0
129.0
128.0
131.0
139.0
143.0
200.0
500.0
500.0
149.0
143.0
141.0
500.0
142.0
500.0
500.0
463.0
500.0
136.0
146.0
500.0
152.0
138.0
148.0
136.0
142.0
149.0
500.0
137.0
131.0
133.0
135.0
500.0
500.0
146.0
128.0
130.0
136.0
500.0
125.0
500.0
127.0
500.0
500.0
500.0
427.0
500.0
388.0
125.0
122.0
151.0
500.0
500.0
140.0
500.0
500.0
143.0
500.0
144.0
149.0
371.0
427.0
425.0
365.0
148.0
500.0
500.0
500.0
500.0
149.0
500.0
500.0
500.0
500.0
500.0
500.0
500.0
500.0
500.0
500.0
500.0
500.0
500.0
500.0
500.0
500.0
500.0
500.0
500.0
500.0
500.0
453.0
388.0
335.0
500.0
379.0
373.0
412.0
347.0
147.0
143.0
154.0
147.0
484.0
500.0
374.0
500.0
359.0
366.0
500.0
500.0
434.0
500.0
500.0
353.0
471.0
500.0
468.0
500.0
500.0
433.0
500.0
445.0
500.0
500.0
500.0
500.0
456.0
500.0
500.0
152.0
500.0
138.0
140.0
140.0
135.0
139.0
141.0
138.0
127.0
121.0
137.0
136.0
500.0
130.0
500.0
500.0
126.0
500.0
132.0
134.0
500.0
500.0
500.0
121.0
130.0
500.0
500.0
500.0
500.0
500.0
500.0
500.0
500.0
500.0
500.0
500.0
500.0
500.0
500.0
500.0
500.0
500.0
500.0
500.0
500.0
114.0
500.0
500.0
500.0
500.0
500.0
500.0
500.0
500.0
500.0
212.0
423.0
84.0
500.0
500.0
500.0
500.0
500.0
500.0
500.0
500.0
500.0
500.0
117.0
500.0
500.0
500.0
156.0
158.0
500.0
500.0
219.0
500.0
500.0
500.0
500.0
172.0
104.0
199.0
500.0
233.0
200.0
500.0
181.0
500.0
500.0
500.0
500.0
500.0
500.0
500.0
140.0
500.0
228.0
380.0
500.0
500.0
201.0
358.0
500.0
500.0
500.0
500.0
500.0
500.0
500.0
500.0
500.0
500.0
500.0
500.0
500.0
135.0
500.0
500.0
500.0
172.0
500.0
500.0
111.0
113.0
500.0
500.0
500.0
500.0
500.0
500.0
500.0
314.0
353.0
500.0
272.0
479.0
500.0
500.0
500.0
500.0
500.0
500.0
500.0
500.0
500.0
500.0
500.0
500.0
500.0
500.0
500.0
500.0
500.0
500.0
500.0
500.0
500.0
500.0
500.0
500.0
500.0
500.0
271.0
435.0
281.0
500.0
245.0
369.0
310.0
500.0
424.0
500.0
500.0
330.0
219.0
500.0
197.0
269.0
282.0
500.0
241.0
441.0
391.0
500.0
500.0
302.0
398.0
432.0
500.0
349.0
376.0
303.0
500.0
500.0
500.0
248.0
500.0
344.0
330.0
500.0
500.0
485.0
500.0
412.0
500.0
500.0
500.0
500.0
500.0
500.0
500.0
500.0
385.0
500.0
500.0
353.0
125.0
287.0
500.0
500.0
500.0
500.0
500.0
500.0
500.0
159.0
138.0
500.0
203.0
470.0
500.0
500.0
500.0
500.0
500.0
500.0
500.0
500.0
500.0
500.0
500.0
500.0
500.0
500.0
145.0
500.0
155.0
500.0
500.0
500.0
500.0
500.0
500.0
500.0
147.0
54.0
500.0
500.0
500.0
500.0
339.0
261.0
265.0
500.0
480.0
500.0
500.0
185.0
500.0
185.0
500.0
500.0
500.0
350.0
500.0
500.0
500.0
500.0
500.0
500.0
500.0
500.0
500.0
500.0
500.0
500.0
387.0
383.0
500.0
500.0
218.0
500.0
500.0
500.0
441.0
500.0
500.0
500.0
500.0
490.0
500.0
500.0
500.0
500.0
500.0
500.0
500.0
500.0
500.0
500.0
500.0
500.0
500.0
338.0
291.0
500.0
133.0
500.0
500.0
497.0
500.0
500.0
500.0
500.0
500.0
500.0
500.0
264.0
500.0
500.0
255.0
500.0
500.0
500.0
500.0
500.0
500.0
500.0
500.0
500.0
95.0
500.0
500.0
500.0
500.0
500.0
500.0
500.0
500.0
500.0
500.0
500.0
500.0
386.0
500.0
500.0
500.0
500.0
500.0
500.0
500.0
500.0
500.0
500.0
500.0
500.0
500.0
500.0
500.0
500.0
500.0
500.0
500.0
500.0
500.0
428.0
500.0
500.0
500.0
500.0
277.0
500.0
500.0
500.0
500.0
494.0
500.0
500.0
500.0
500.0
500.0
500.0
500.0
500.0
500.0
205.0
500.0
500.0
236.0
152.0
500.0
428.0
324.0
500.0
266.0
275.0
218.0
211.0
500.0
500.0
186.0
500.0
500.0
500.0
500.0
500.0
500.0
500.0
500.0
500.0
500.0
500.0
500.0
500.0
500.0
500.0
500.0
500.0
500.0
500.0
500.0
443.0
294.0
500.0
500.0
500.0
500.0
15.0
500.0
500.0
500.0
276.0
480.0
500.0
57.0
500.0
500.0
500.0
500.0
500.0
500.0
500.0
500.0
500.0
413.0
500.0
420.0
500.0
500.0
500.0
175.0
500.0
500.0
500.0
500.0
500.0
103.0
500.0
500.0
500.0
500.0
500.0
500.0
500.0
500.0
500.0
500.0
500.0
500.0
500.0
436.0
254.0
500.0
500.0
500.0
500.0
500.0
500.0
500.0
500.0
500.0
500.0
500.0
471.0
500.0
169.0
208.0
137.0
126.0
132.0
419.0
500.0
372.0
500.0
500.0
500.0
500.0
500.0
500.0
500.0
500.0
500.0
500.0
500.0
500.0
500.0
500.0
152.0
500.0
452.0
500.0
500.0
210.0
41.0
437.0
500.0
500.0
500.0
500.0
500.0
500.0
500.0
500.0
500.0
500.0
500.0
500.0
500.0
500.0
500.0
500.0
500.0
500.0
500.0
500.0
203.0
500.0
500.0
480.0
500.0
500.0
500.0
237.0
500.0
500.0
435.0
35.0
500.0
500.0
500.0
500.0
500.0
500.0
500.0
500.0
500.0
500.0
193.0
153.0
500.0
500.0
500.0
500.0
500.0
46.0
500.0
500.0
500.0
500.0
500.0
500.0
453.0
500.0
500.0
500.0
500.0
500.0
500.0
403.0
363.0
271.0
263.0
500.0
500.0
500.0
500.0
500.0
500.0
500.0
500.0
500.0
101.0
500.0
500.0
500.0
500.0
500.0
500.0
500.0
277.0
479.0
319.0
223.0
272.0
500.0
443.0
500.0
271.0
500.0
253.0
500.0
500.0
500.0
500.0
500.0
500.0
500.0
500.0
500.0
500.0
500.0
500.0
500.0
500.0
500.0
500.0
500.0
500.0
500.0
500.0
500.0
500.0
500.0
47.0
41.0
500.0
500.0
500.0
500.0
500.0
500.0
500.0
500.0
500.0
500.0
500.0
500.0
500.0
500.0
500.0
500.0
500.0
500.0
500.0
500.0
500.0
401.0
197.0
500.0
500.0
500.0
500.0
500.0
500.0
500.0
500.0
500.0
500.0
500.0
500.0
500.0
215.0
235.0
185.0
194.0
196.0
224.0
500.0
483.0
500.0
500.0
500.0
500.0
500.0
247.0
136.0
159.0
138.0
500.0
500.0
500.0
149.0
500.0
500.0
500.0
268.0
500.0
500.0
408.0
500.0
500.0
286.0
500.0
500.0
500.0
500.0
500.0
266.0
169.0
147.0
130.0
130.0
122.0
147.0
136.0
128.0
165.0
144.0
500.0
500.0
434.0
500.0
311.0
500.0
500.0
109.0
500.0
500.0
500.0
500.0
500.0
500.0
500.0
500.0
500.0
500.0
500.0
500.0
500.0
500.0
500.0
466.0
201.0
107.0
11.0
10.0
10.0
10.0
10.0
500.0
133.0
500.0
165.0
500.0
500.0
330.0
303.0
500.0
500.0
500.0
462.0
500.0
500.0
500.0
500.0
500.0
500.0
500.0
500.0
500.0
500.0
500.0
500.0
500.0
500.0
500.0
500.0
500.0
130.0
177.0
500.0
500.0
500.0
500.0
500.0
500.0
500.0
500.0
500.0
500.0
500.0
500.0
500.0
500.0
500.0
500.0
500.0
500.0
500.0
500.0
500.0
500.0
107.0
139.0
500.0
500.0
500.0
76.0
114.0
500.0
500.0
500.0
121.0
500.0
500.0
500.0
500.0
500.0
500.0
500.0
500.0
500.0
500.0
500.0
500.0
485.0
500.0
500.0
500.0
160.0
500.0
500.0
500.0
147.0
500.0
500.0
500.0
500.0
500.0
500.0
500.0
500.0
500.0
500.0
500.0
500.0
500.0
500.0
500.0
500.0
500.0
500.0
500.0
500.0
30.0
49.0
62.0
500.0
500.0
500.0
500.0
500.0
500.0
349.0
500.0
500.0
500.0
500.0
500.0
500.0
500.0
500.0
500.0
500.0
500.0
290.0
399.0
309.0
125.0
120.0
121.0
121.0
119.0
118.0
119.0
117.0
117.0
119.0
117.0
117.0
115.0
117.0
115.0
116.0
119.0
113.0
115.0
317.0
281.0
111.0
274.0
283.0
112.0
309.0
309.0
286.0
291.0
339.0
119.0
269.0
301.0
306.0
286.0
122.0
309.0
347.0
122.0
126.0
125.0
121.0
335.0
359.0
128.0
120.0
124.0
125.0
130.0
356.0
131.0
351.0
133.0
358.0
346.0
129.0
355.0
320.0
354.0
400.0
312.0
256.0
500.0
383.0
500.0
500.0
438.0
370.0
377.0
353.0
404.0
353.0
316.0
164.0
408.0
380.0
350.0
354.0
377.0
500.0
437.0
409.0
230.0
474.0
500.0
249.0
500.0
500.0
500.0
500.0
500.0
500.0
500.0
500.0
448.0
102.0
495.0
317.0
500.0
382.0
344.0
93.0
500.0
353.0
500.0
243.0
372.0
244.0
500.0
419.0
376.0
500.0
500.0
500.0
500.0
500.0
500.0
485.0
160.0
500.0
215.0
471.0
96.0
500.0
500.0
500.0
32.0
500.0
500.0
500.0
500.0
500.0
500.0
500.0
500.0
193.0
500.0
500.0
500.0
500.0
500.0
500.0
500.0
500.0
500.0
306.0
500.0
500.0
500.0
322.0
500.0
477.0
500.0
228.0
500.0
398.0
500.0
500.0
500.0
500.0
500.0
500.0
500.0
500.0
290.0
500.0
500.0
500.0
500.0
500.0
500.0
500.0
500.0
500.0
500.0
500.0
500.0
500.0
500.0
500.0
278.0
500.0
500.0
477.0
500.0
500.0
459.0
500.0
25.0
500.0
500.0
500.0
184.0
170.0
181.0
183.0
480.0
154.0
500.0
500.0
212.0
500.0
287.0
223.0
200.0
234.0
500.0
500.0
243.0
280.0
500.0
457.0
500.0
194.0
500.0
500.0
466.0
157.0
500.0
500.0
500.0
303.0
500.0
500.0
500.0
500.0
500.0
500.0
500.0
500.0
276.0
326.0
500.0
500.0
500.0
500.0
500.0
500.0
244.0
500.0
500.0
396.0
500.0
500.0
500.0
500.0
500.0
306.0
500.0
500.0
500.0
500.0
500.0
500.0
500.0
500.0
500.0
500.0
500.0
500.0
500.0
500.0
500.0
500.0
500.0
500.0
500.0
462.0
500.0
500.0
500.0
456.0
500.0
500.0
500.0
500.0
500.0
500.0
500.0
500.0
500.0
500.0
500.0
338.0
500.0
500.0
500.0
500.0
500.0
500.0
500.0
500.0
500.0
500.0
500.0
500.0
500.0
500.0
323.0
347.0
144.0
500.0
500.0
500.0
500.0
500.0
500.0
500.0
196.0
500.0
165.0
334.0
408.0
157.0
184.0
500.0
500.0
500.0
500.0
500.0
500.0
254.0
475.0
307.0
367.0
165.0
500.0
500.0
500.0
500.0
500.0
500.0
500.0
500.0
143.0
500.0
500.0
119.0
500.0
500.0
500.0
302.0
500.0
500.0
427.0
495.0
500.0
500.0
393.0
500.0
500.0
447.0
438.0
450.0
200.0
500.0
500.0
160.0
186.0
