11.0
11.0
11.0
11.0
11.0
11.222222222222221
11.222222222222221
11.222222222222221
11.222222222222221
11.222222222222221
11.222222222222221
11.222222222222221
11.222222222222221
11.222222222222221
11.0
11.0
11.0
11.0
11.0
11.0
11.0
11.0
11.0
11.0
11.0
11.0
11.0
11.0
11.0
11.0
11.0
11.0
11.0
11.0
11.0
11.0
11.0
11.0
11.0
11.0
11.0
11.0
11.0
11.11111111111111
11.333333333333334
11.333333333333334
11.333333333333334
11.333333333333334
11.333333333333334
11.444444444444445
11.444444444444445
11.444444444444445
11.333333333333334
11.11111111111111
11.11111111111111
11.11111111111111
11.11111111111111
11.11111111111111
11.0
11.0
11.0
11.0
11.0
11.222222222222221
11.555555555555555
13.666666666666666
13.333333333333334
13.0
12.88888888888889
12.555555555555555
12.222222222222221
11.88888888888889
15.333333333333334
14.777777777777779
13.555555555555555
13.666666666666666
13.666666666666666
13.444444444444445
14.0
14.666666666666666
15.11111111111111
11.222222222222221
11.333333333333334
10.333333333333334
10.333333333333334
10.444444444444445
10.444444444444445
13.88888888888889
19.88888888888889
21.666666666666668
25.0
31.11111111111111
34.333333333333336
39.0
44.333333333333336
49.333333333333336
47.42857142857143
53.0
53.666666666666664
53.0
