-13
-14
-13
-15
-14
-21
-15
-11
-33
-21
-17
-14
-21
7
-32
-17
-11
-24
-13
-19
-23
5
7
5
-57
-30
5
-37
-21
7
-35
1
7
1
7
-32
7
7
-28
3
3
7
-25
-11
7
5
7
7
7
7
7
7
7
7
7
7
7
7
7
7
7
7
7
7
7
7
7
7
7
7
7
7
5
7
-11
7
7
7
7
7
7
7
7
7
7
7
5
7
7
7
7
7
7
7
7
7
7
7
7
7
7
-11
-11
7
-11
-11
5
7
-19
7
7
7
7
7
7
7
7
7
7
7
7
7
7
7
7
7
7
7
7
7
7
7
7
7
7
7
7
7
5
7
7
7
5
7
7
7
7
7
7
-11
7
7
7
7
7
7
7
7
-11
7
-11
-11
-11
7
7
7
7
7
7
7
7
7
7
7
7
7
7
7
7
7
7
7
7
7
7
7
7
7
7
-13
7
7
7
7
7
7
7
7
7
-11
5
7
7
7
7
7
7
7
7
7
7
5
7
7
7
7
7
7
7
7
7
5
7
7
-11
7
7
7
7
7
7
-11
7
7
7
7
7
7
5
7
7
7
7
7
7
7
7
7
7
7
7
7
7
7
7
7
7
7
7
7
7
7
7
7
7
7
7
7
7
7
7
7
7
7
7
-11
7
5
7
-11
7
7
7
7
7
7
7
7
7
7
7
7
7
7
7
7
7
7
7
-11
7
7
5
-11
7
7
7
7
7
7
7
7
7
7
7
5
7
7
7
7
7
7
7
7
7
7
7
7
7
7
7
7
7
7
7
7
7
7
7
7
7
-11
7
7
7
7
5
7
7
7
7
7
7
7
-11
7
7
7
7
7
7
7
7
7
7
7
7
7
7
7
7
7
7
7
7
-11
7
7
5
7
7
7
7
7
7
7
7
5
7
7
-11
7
7
-11
5
7
7
5
7
7
7
7
7
7
-11
-11
7
5
7
-11
7
7
7
7
5
7
7
7
7
7
7
7
7
7
7
7
7
7
7
7
5
7
7
7
7
7
7
7
7
7
7
5
7
7
7
7
7
7
7
7
7
7
7
7
7
7
7
7
5
7
7
7
7
7
-11
5
7
7
7
7
7
7
7
7
7
7
7
7
7
7
7
7
5
7
7
7
5
7
7
7
7
-11
7
-11
7
7
7
7
-11
7
5
7
7
7
7
7
7
7
7
7
7
7
7
7
7
7
7
7
7
7
7
7
7
7
7
7
7
7
7
7
7
7
7
7
7
7
7
5
7
7
7
7
7
7
7
7
7
7
7
7
7
7
7
7
7
7
7
7
7
7
7
7
7
7
7
7
7
7
7
7
7
7
7
7
3
7
7
7
7
7
7
7
7
7
7
7
7
7
7
7
7
7
5
7
7
7
7
7
7
7
7
7
7
7
7
7
7
7
7
7
7
7
7
7
7
7
7
7
7
-11
7
7
7
7
7
7
7
7
7
7
7
7
7
5
7
7
7
7
7
7
7
7
-11
7
7
7
7
7
7
7
-11
7
7
5
7
7
7
7
7
7
7
7
-11
7
7
7
7
7
5
7
7
7
7
7
7
7
5
7
7
7
7
-11
7
7
7
7
7
7
7
7
5
7
7
7
7
7
7
5
7
-11
5
7
7
5
5
7
-11
-11
7
7
7
7
7
7
7
7
7
7
7
7
7
7
7
7
7
7
7
7
7
7
7
7
7
7
7
7
7
7
7
7
7
7
7
7
7
7
7
7
7
7
7
7
7
7
7
-13
7
7
7
7
7
7
7
7
7
7
7
5
7
5
7
7
7
7
7
7
7
7
7
-11
5
7
7
7
7
7
7
7
7
7
7
7
-11
-11
7
-11
7
7
7
7
7
7
7
7
7
7
7
7
7
7
7
7
7
7
7
7
7
7
7
7
7
7
7
7
7
7
7
7
7
7
7
7
7
7
7
7
7
7
7
7
-11
7
7
7
-11
7
7
7
7
-11
7
-11
7
7
7
7
7
7
7
7
7
7
7
7
7
7
7
7
7
7
-11
7
7
7
7
7
7
7
7
7
5
7
7
7
7
7
5
-11
7
7
7
7
7
7
7
7
5
7
7
7
5
7
7
7
7
7
7
7
7
7
7
7
7
-11
7
7
7
7
-11
7
7
7
7
5
7
7
7
7
7
7
7
7
7
7
7
7
7
7
7
7
7
7
7
7
7
-11
7
7
7
7
7
7
7
7
7
7
7
7
7
7
7
7
7
7
7
7
7
7
7
7
7
7
7
7
7
7
7
7
7
7
7
7
7
7
7
7
7
7
7
7
7
7
7
7
7
-11
7
5
7
7
